param n := 16;
param numVehicles := 2;
set Origin := 33 35 36;
set O := 35 36;
param Ok := 1 35 2 36;
set S := 39 40 41;
set F := 34 37 38;
param t:
 1 2 3 4 5 6 7 8 9 10 11 12 13 14 15 16 17 18 19 20 21 22 23 24 25 26 27 28 29 30 31 32 33 34 35 36 37 38 39 40 41:=
1 0.0 14.02125975082125 7.533176753534992 7.389331837182574 15.706560221767207 7.745243701782404 12.241403922753305 5.102922006066721 9.943700116153947 5.391192168713706 13.555694781161163 10.165661414782612 4.930040567784407 9.922001511791862 4.862972342096961 15.794218087642074 14.27109841602951 4.166311558201092 13.916674351295283 10.09240689825772 7.68470923327617 10.870912243229636 13.854808731989051 6.656807417974474 6.457503232674375 11.598898654613722 11.45799650898882 1.998592504739273 5.389113656251833 8.152108193590172 12.178072097011086 7.632291005982411 5.301141386531772 5.301141386531772 5.301141386531772 5.301141386531772 5.301141386531772 5.301141386531772 5.301141386531772 3.0341555662160764 10.535563582457277
2 14.02125975082125 0.0 14.075252502175584 15.336546221362877 14.873057015960102 13.18249312535379 4.716721848911594 12.487040722284844 16.292188465642056 10.817444892394876 1.0863608976762744 11.984124039745248 18.913728479599154 16.53841990638767 15.31265244822072 2.1870002286236745 1.1780004244481408 18.076730926802007 6.833227641459049 6.368196290944556 8.668009748494748 16.46221431035327 15.438167572610423 7.46112726067583 9.141056667584989 4.969965895255219 4.546462031074273 15.53242521308247 14.496440563117554 14.578659780651991 15.385909560373738 18.651016942783578 9.036997565563466 9.036997565563466 9.036997565563466 9.036997565563466 9.036997565563466 9.036997565563466 9.036997565563466 14.668446577603234 3.488742610167738
3 7.533176753534992 14.075252502175584 0.0 1.4027262740820106 8.660240758778015 14.464861146931208 10.126114062166197 11.792761042266566 17.180491378304637 4.004135986701749 13.161196792085436 16.17888451037339 9.487654504670793 17.205460819170174 12.358361218219832 14.982519047209653 14.874773342810977 10.281517786786152 10.304281100591153 13.521283555935065 12.307878614936044 3.511022215822623 6.464612981455271 7.941545252657067 11.202361358213723 9.574804958849032 13.917579243532261 9.298134221444643 12.711113641219638 15.222664287173911 4.677744755755705 5.3013268150530015 6.6143918843685094 6.6143918843685094 6.6143918843685094 6.6143918843685094 6.6143918843685094 6.6143918843685094 6.6143918843685094 4.838820104116292 11.317516512026833
4 7.389331837182574 15.336546221362877 1.4027262740820106 0.0 9.613028294975521 14.721665157175664 11.488051401347402 12.018693772619384 17.26041566706897 4.899899182636312 14.44746766738033 16.638699017651593 8.606795280474609 17.260704649579054 12.251209124000782 16.31288693027693 16.098011212569084 9.61830198111912 11.70700004270949 14.395074504843661 12.967706389335008 3.532719349169985 7.223565047813995 8.902339580132853 11.808272905044156 10.925488959309785 14.92849828348451 8.972986180753873 12.728040422625943 15.367297257488058 5.320712076404812 3.918186953171071 7.456629600563514 7.456629600563514 7.456629600563514 7.456629600563514 7.456629600563514 7.456629600563514 7.456629600563514 4.444471284641177 12.467931865389703
5 15.706560221767207 14.873057015960102 8.660240758778015 9.613028294975521 0.0 21.310899793298265 10.210938644414625 18.90832485970135 24.42921550111669 10.615762101705181 13.788498286615551 22.189150547057903 18.14244002332652 24.522224532044394 20.238183564737227 14.49416672320282 16.017114097114998 18.89882118016888 8.20133287947758 17.766391783364455 17.82279983616491 6.950174458242038 2.680816480104522 12.808055785325108 17.087818877785427 10.131101618284163 17.19096442902492 17.63427940121172 20.30793677358682 22.367414557789196 4.533369828284474 13.077137454351393 12.442670211815468 12.442670211815468 12.442670211815468 12.442670211815468 12.442670211815468 12.442670211815468 12.442670211815468 13.39328346597652 13.937720114853791
6 7.745243701782404 13.18249312535379 14.464861146931208 14.721665157175664 21.310899793298265 0.0 14.113592384648213 2.7072977302099597 3.312065820602 10.948118057456268 13.330559065545602 2.944402146446711 11.100112612041375 3.4985508428490792 4.16832100491313 15.360925916102843 12.768398881613935 9.251506688102216 16.607932592589602 6.928704713003722 4.5738460839866475 17.972538078969258 20.082034085221547 8.77954697008906 4.589541589309328 13.626752584530182 8.86010677136568 7.269986795036151 3.0000856654435726 1.3966373903057305 18.733080045737275 15.370974529937913 8.86889508337989 8.86889508337989 8.86889508337989 8.86889508337989 8.86889508337989 8.86889508337989 8.86889508337989 10.693610241634955 10.342209628507826
7 12.241403922753305 4.716721848911594 10.126114062166197 11.488051401347402 10.210938644414625 14.113592384648213 0.0 12.538849428875043 17.422073183177712 7.691705727600348 3.633868049338061 13.882528948286042 16.771973348416697 17.611651257051395 14.972046286329734 4.953647645927192 5.828538410270624 16.399682253019417 2.6669992500936335 8.515686995187176 9.687438980452987 12.05620591230923 10.728996085375371 5.899264784699869 9.537498309305224 0.647876531447157 7.406096542713983 14.087087207794236 14.466070233480828 15.448228701051782 10.770099442437846 15.148316870200464 6.956488338235031 6.956488338235031 6.956488338235031 6.956488338235031 6.956488338235031 6.956488338235031 6.956488338235031 11.937534502567939 4.275597034333334
8 5.102922006066721 12.487040722284844 11.792761042266566 12.018693772619384 18.90832485970135 2.7072977302099597 12.538849428875043 0.0 5.528228016281528 8.397749460420929 12.416694326591116 5.109137402732482 8.940302064248165 5.613984770196656 2.9043128275032633 14.590746656699924 12.310692628767889 7.263319970922389 14.86658649455214 6.827216856084183 4.070746000427931 15.29469326269736 17.546434965542147 6.808709863109163 3.3465625647819586 11.987631000326962 8.654082562582818 4.951380918491325 2.0129443608803497 3.4842682158525053 16.133385416582595 12.733297805360559 6.55128514110018 6.55128514110018 6.55128514110018 6.55128514110018 6.55128514110018 6.55128514110018 6.55128514110018 8.003957583595755 9.26149755709086
9 9.943700116153947 16.292188465642056 17.180491378304637 17.26041566706897 24.42921550111669 3.312065820602 17.422073183177712 5.528228016281528 0.0 13.920018570389912 16.514759610723978 4.71126182672965 12.148379315777063 0.30371368095625867 5.290462361646664 18.47888354311483 15.783722057867086 10.170168336856573 19.919861269597238 9.942261965971324 7.820167261638334 20.649931840081216 23.064864729713893 12.054764576714057 7.901486442436005 16.938237747770575 11.845674315968678 8.876176203748999 4.5547480720672135 2.0684390249654445 21.617139958838216 17.32463638868072 12.025663224953542 12.025663224953542 12.025663224953542 12.025663224953542 12.025663224953542 12.025663224953542 12.025663224953542 12.977849436636255 13.594431801292762
10 5.391192168713706 10.817444892394876 4.004135986701749 4.899899182636312 10.615762101705181 10.948118057456268 7.691705727600348 8.397749460420929 13.920018570389912 0.0 10.040917189181474 12.367482888607528 9.267581615502504 13.990600022872501 9.63897779850125 12.10014495780939 11.455002095154764 9.25844074345135 8.849619765843052 9.530356656495076 8.349375126319334 7.381185948070947 9.149265762890485 4.002574421544214 7.291109449185357 7.054475529761231 10.03172592328957 7.389710752120139 9.696493850872075 11.88182481776263 7.80196186865842 7.840703093473188 2.610291363047428 2.610291363047428 2.610291363047428 2.610291363047428 2.610291363047428 2.610291363047428 2.610291363047428 4.271489318727134 7.705947118946508
11 13.555694781161163 1.0863608976762744 13.161196792085436 14.44746766738033 13.788498286615551 13.330559065545602 3.633868049338061 12.416694326591116 16.514759610723978 10.040917189181474 0.0 12.3593001824537 18.402470622174622 16.7490305689613 15.18092292978263 2.2490589143017132 2.238061884756541 17.66343525478552 5.776885319962653 6.702866252581802 8.765170677174519 15.458765798083624 14.35988837003965 6.917082622030765 9.094378758331985 3.90953667331565 5.025990549135563 15.153229391783126 14.429175201653075 14.725360199329593 14.333962083108773 17.845041804378045 8.434532174341385 8.434532174341385 8.434532174341385 8.434532174341385 8.434532174341385 8.434532174341385 8.434532174341385 14.006189096253127 3.179517730725841
12 10.165661414782612 11.984124039745248 16.17888451037339 16.638699017651593 22.189150547057903 2.944402146446711 13.882528948286042 5.109137402732482 4.71126182672965 12.367482888607528 12.3593001824537 0.0 13.929729502039873 5.004075339161073 7.100595186320652 14.158084510271863 11.344565306788974 12.129657208676592 16.511801870177585 5.656494055508235 4.389471494382894 19.67309342731844 21.279564586710887 9.381243254494578 5.146965319486815 13.497424420977508 7.444142126531438 10.005974415318082 5.922903510947989 3.812854573675739 20.125380592674514 17.76066918784312 9.95702706634867 9.95702706634867 9.95702706634867 9.95702706634867 9.95702706634867 9.95702706634867 9.95702706634867 12.94381659326182 9.733570156936251
13 4.930040567784407 18.913728479599154 9.487654504670793 8.606795280474609 18.14244002332652 11.100112612041375 16.771973348416697 8.940302064248165 12.148379315777063 9.267581615502504 18.402470622174622 13.929729502039873 0.0 12.008246249973391 7.058640095655819 20.625376238992587 19.194056632197373 1.9832791029000427 18.117103107285114 14.892061945882444 12.332896172432491 11.938772340571706 15.827420288853139 11.485610345123154 11.161743233025925 16.124133030957047 16.347318801564985 4.011045748928825 8.142613462519266 10.93428260106716 13.926874308329202 6.363255298980233 10.007137452838348 10.007137452838348 10.007137452838348 10.007137452838348 10.007137452838348 10.007137452838348 10.007137452838348 5.098901842553944 15.436541063334104
14 9.922001511791862 16.53841990638767 17.205460819170174 17.260704649579054 24.522224532044394 3.4985508428490792 17.611651257051395 5.613984770196656 0.30371368095625867 13.990600022872501 16.7490305689613 5.004075339161073 12.008246249973391 0.0 5.214160910443789 18.724628941583862 16.04113163090435 10.027173579827968 20.097145493825735 10.195543389148025 8.036120083721995 20.665790306688006 23.129513202832438 12.202805620020342 8.081475731572793 17.121885059770726 12.103666304058452 8.800970514664845 4.536648983556034 2.1997840803133384 21.664739693797387 17.256480405922872 12.136786477482413 12.136786477482413 12.136786477482413 12.136786477482413 12.136786477482413 12.136786477482413 12.136786477482413 12.954905866118827 13.81208116107055
15 4.862972342096961 15.31265244822072 12.358361218219832 12.251209124000782 20.238183564737227 4.16832100491313 14.972046286329734 2.9043128275032633 5.290462361646664 9.63897779850125 15.18092292978263 7.100595186320652 7.058640095655819 5.214160910443789 0.0 17.38426371751188 15.183104096330238 5.142276927587623 17.134819082791626 9.728029451024499 6.974133351177048 15.731262282474347 18.56435684315511 9.090153189028223 6.205046978065516 14.383938612216058 11.557815710591685 3.5871871989066864 1.1825675456395714 3.8767625668849006 16.958781206207007 12.042563929662155 8.420356286998787 8.420356286998787 8.420356286998787 8.420356286998787 8.420356286998787 8.420356286998787 8.420356286998787 7.854069009118776 12.004932319675941
16 15.794218087642074 2.1870002286236745 14.982519047209653 16.31288693027693 14.49416672320282 15.360925916102843 4.953647645927192 14.590746656699924 18.47888354311483 12.10014495780939 2.2490589143017132 14.158084510271863 20.625376238992587 18.724628941583862 17.38426371751188 0.0 2.9372138158465764 19.90895720523805 6.29443325486894 8.553803949121116 10.83145885834406 17.00882294575377 15.431578661951603 9.145681494563432 11.252048391293028 5.434212454440845 6.714370335333017 17.401867629654006 16.603349089867383 16.757442913523533 15.652274115923218 19.83505384414169 10.635618693804325 10.635618693804325 10.635618693804325 10.635618693804325 10.635618693804325 10.635618693804325 10.635618693804325 16.154887340987557 5.4085474020294955
17 14.27109841602951 1.1780004244481408 14.874773342810977 16.098011212569084 16.017114097114998 12.768398881613935 5.828538410270624 12.310692628767889 15.783722057867086 11.455002095154764 2.238061884756541 11.344565306788974 19.194056632197373 16.04113163090435 15.183104096330238 2.9372138158465764 0.0 18.24697569461855 8.007243283427824 5.852283058772875 8.35783620322868 17.389927918194488 16.519392391973746 7.872193150577544 8.978116617643146 6.030663313434104 3.9381409319626948 15.675471348575137 14.3020899172114 14.157099208524324 16.40245377984648 19.29317070882855 9.48800980184991 9.48800980184991 9.48800980184991 9.48800980184991 9.48800980184991 9.48800980184991 9.48800980184991 15.144844997556099 3.8312308727091873
18 4.166311558201092 18.076730926802007 10.281517786786152 9.61830198111912 18.89882118016888 9.251506688102216 16.399682253019417 7.263319970922389 10.170168336856573 9.25844074345135 17.66343525478552 12.129657208676592 1.9832791029000427 10.027173579827968 5.142276927587623 19.90895720523805 18.24697569461855 0.0 17.997572197382627 13.572180701714814 10.913827009807331 13.092157690770456 16.736197686451963 10.798349549815473 9.807434934782897 15.755674342915318 15.149735971296662 2.5893141949172573 6.263346230251048 9.004495099671054 14.890620134836562 7.988594995366833 9.467257469827258 9.467257469827258 9.467257469827258 9.467257469827258 9.467257469827258 9.467257469827258 9.467257469827258 5.514795009789576 14.58920710662509
19 13.916674351295283 6.833227641459049 10.304281100591153 11.70700004270949 8.20133287947758 16.607932592589602 2.6669992500936335 14.86658649455214 19.919861269597238 8.849619765843052 5.776885319962653 16.511801870177585 18.117103107285114 20.097145493825735 17.134819082791626 6.29443325486894 8.007243283427824 17.997572197382627 0.0 11.182309063874062 12.263614679204498 11.471343949163064 9.25759936484616 8.077931665964996 12.018395941222773 3.017070930554998 10.04130394918907 15.854248295015442 16.731509704745715 17.91481814029939 9.745610345175924 15.571241601105546 8.816077642580062 8.816077642580062 8.816077642580062 8.816077642580062 8.816077642580062 8.816077642580062 8.816077642580062 13.086299133062793 6.942278084317857
20 10.09240689825772 6.368196290944556 13.521283555935065 14.395074504843661 17.766391783364455 6.928704713003722 8.515686995187176 6.827216856084183 9.942261965971324 9.530356656495076 6.702866252581802 5.656494055508235 14.892061945882444 10.195543389148025 9.728029451024499 8.553803949121116 5.852283058772875 13.572180701714814 11.182309063874062 0.0 2.7597653885792535 16.75594700397444 17.363948686862678 5.613647655491036 3.765235318011346 8.23012156653837 1.9317549016373685 11.004150535139003 8.727725992490829 8.311730565893 16.590207623776138 16.681155985122857 6.9392804382010675 6.9392804382010675 6.9392804382010675 6.9392804382010675 6.9392804382010675 6.9392804382010675 6.9392804382010675 11.927850309255225 4.246600169547399
21 7.68470923327617 8.668009748494748 12.307878614936044 12.967706389335008 17.82279983616491 4.5738460839866475 9.687438980452987 4.070746000427931 7.820167261638334 8.349375126319334 8.765170677174519 4.389471494382894 12.332896172432491 8.036120083721995 6.974133351177048 10.83145885834406 8.35783620322868 10.913827009807331 12.263614679204498 2.7597653885792535 0.0 15.730470590544963 17.008997530718855 5.023386208525082 1.2472080820777265 9.24965610171535 4.595428162859256 8.377012355249335 5.998712695237204 5.964787339042357 15.958101766814247 14.755068620646941 5.798130043384678 5.798130043384678 5.798130043384678 5.798130043384678 5.798130043384678 5.798130043384678 5.798130043384678 9.893144697213318 5.776011772841188
22 10.870912243229636 16.46221431035327 3.511022215822623 3.532719349169985 6.950174458242038 17.972538078969258 12.05620591230923 15.29469326269736 20.649931840081216 7.381185948070947 15.458765798083624 19.67309342731844 11.938772340571706 20.665790306688006 15.731262282474347 17.00882294575377 17.389927918194488 13.092157690770456 11.471343949163064 16.75594700397444 15.730470590544963 0.0 4.299491365266362 11.142481590740907 14.65697311862173 11.615191302772418 16.955727911239904 12.501570181381217 16.15051927957736 18.710424287011776 2.4297038914238094 6.235360855636183 9.963565074811324 9.963565074811324 9.963565074811324 9.963565074811324 9.963565074811324 9.963565074811324 9.963565074811324 7.970986701782911 14.10704182314634
23 13.854808731989051 15.438167572610423 6.464612981455271 7.223565047813995 2.680816480104522 20.082034085221547 10.728996085375371 17.546434965542147 23.064864729713893 9.149265762890485 14.35988837003965 21.279564586710887 15.827420288853139 23.129513202832438 18.56435684315511 15.431578661951603 16.519392391973746 16.736197686451963 9.25759936484616 17.363948686862678 17.008997530718855 4.299491365266362 0.0 12.01915479557527 16.13260106120523 10.489381535629258 17.078130606128997 15.704498113597902 18.76358507855042 21.030679613364853 1.9368853863871247 10.491962495167432 11.33559919016194 11.33559919016194 11.33559919016194 11.33559919016194 11.33559919016194 11.33559919016194 11.33559919016194 11.299195059826165 13.903949402957421
24 6.656807417974474 7.46112726067583 7.941545252657067 8.902339580132853 12.808055785325108 8.77954697008906 5.899264784699869 6.808709863109163 12.054764576714057 4.002574421544214 6.917082622030765 9.381243254494578 11.485610345123154 12.202805620020342 9.090153189028223 9.145681494563432 7.872193150577544 10.798349549815473 8.077931665964996 5.613647655491036 5.023386208525082 11.142481590740907 12.01915479557527 0.0 4.317011582101674 5.298851668050353 6.032679421285371 8.350489865870145 8.653579201694523 10.003144755525636 11.074065062116983 11.621806615152396 1.6284240848132896 1.6284240848132896 1.6284240848132896 1.6284240848132896 1.6284240848132896 1.6284240848132896 1.6284240848132896 7.277620833761539 4.042247518398645
25 6.457503232674375 9.141056667584989 11.202361358213723 11.808272905044156 17.087818877785427 4.589541589309328 9.537498309305224 3.3465625647819586 7.901486442436005 7.291109449185357 9.094378758331985 5.146965319486815 11.161743233025925 8.081475731572793 6.205046978065516 11.252048391293028 8.978116617643146 9.807434934782897 12.018395941222773 3.765235318011346 1.2472080820777265 14.65697311862173 16.13260106120523 4.317011582101674 0.0 9.040773528852494 5.437277259805683 7.243681384489519 5.35549904303978 5.910801637679952 14.997561535129636 13.515581304553645 4.817210811247521 4.817210811247521 4.817210811247521 4.817210811247521 4.817210811247521 4.817210811247521 4.817210811247521 8.649943352415669 5.965695265432186
26 11.598898654613722 4.969965895255219 9.574804958849032 10.925488959309785 10.131101618284163 13.626752584530182 0.647876531447157 11.987631000326962 16.938237747770575 7.054475529761231 3.90953667331565 13.497424420977508 16.124133030957047 17.121885059770726 14.383938612216058 5.434212454440845 6.030663313434104 15.755674342915318 3.017070930554998 8.23012156653837 9.24965610171535 11.615191302772418 10.489381535629258 5.298851668050353 9.040773528852494 0.0 7.246551317695888 13.450644965948658 13.899813092268543 14.948919760303752 10.42498009590426 14.553456221805183 6.318941208778572 6.318941208778572 6.318941208778572 6.318941208778572 6.318941208778572 6.318941208778572 6.318941208778572 11.294999690128373 4.034974349360848
27 11.45799650898882 4.546462031074273 13.917579243532261 14.92849828348451 17.19096442902492 8.86010677136568 7.406096542713983 8.654082562582818 11.845674315968678 10.03172592328957 5.025990549135563 7.444142126531438 16.347318801564985 12.103666304058452 11.557815710591685 6.714370335333017 3.9381409319626948 15.149735971296662 10.04130394918907 1.9317549016373685 4.595428162859256 16.955727911239904 17.078130606128997 6.032679421285371 5.437277259805683 7.246551317695888 0.0 12.56263953156342 10.59397423066528 10.2417361809412 16.511347007437035 17.56025199135821 7.571914421069483 7.571914421069483 7.571914421069483 7.571914421069483 7.571914421069483 7.571914421069483 7.571914421069483 12.963560004875204 3.2578962537195686
28 1.998592504739273 15.53242521308247 9.298134221444643 8.972986180753873 17.63427940121172 7.269986795036151 14.087087207794236 4.951380918491325 8.876176203748999 7.389710752120139 15.153229391783126 10.005974415318082 4.011045748928825 8.800970514664845 3.5871871989066864 17.401867629654006 15.675471348575137 2.5893141949172573 15.854248295015442 11.004150535139003 8.377012355249335 12.501570181381217 15.704498113597902 8.350489865870145 7.243681384489519 13.450644965948658 12.56263953156342 0.0 4.46027913924678 7.335336938409851 13.973533411417458 8.457743552508553 7.131846885625069 7.131846885625069 7.131846885625069 7.131846885625069 7.131846885625069 7.131846885625069 7.131846885625069 4.530699725208017 12.049864729531198
29 5.389113656251833 14.496440563117554 12.711113641219638 12.728040422625943 20.30793677358682 3.0000856654435726 14.466070233480828 2.0129443608803497 4.5547480720672135 9.696493850872075 14.429175201653075 5.922903510947989 8.142613462519266 4.536648983556034 1.1825675456395714 16.603349089867383 14.3020899172114 6.263346230251048 16.731509704745715 8.727725992490829 5.998712695237204 16.15051927957736 18.76358507855042 8.653579201694523 5.35549904303978 13.899813092268543 10.59397423066528 4.46027913924678 0.0 2.8752895506365967 17.231630509037732 12.831879207660897 8.185262976838313 8.185262976838313 8.185262976838313 8.185262976838313 8.185262976838313 8.185262976838313 8.185262976838313 8.423213757230668 11.271491915447573
30 8.152108193590172 14.578659780651991 15.222664287173911 15.367297257488058 22.367414557789196 1.3966373903057305 15.448228701051782 3.4842682158525053 2.0684390249654445 11.88182481776263 14.725360199329593 3.812854573675739 10.93428260106716 2.1997840803133384 3.8767625668849006 16.757442913523533 14.157099208524324 9.004495099671054 17.91481814029939 8.311730565893 5.964787339042357 18.710424287011776 21.030679613364853 10.003144755525636 5.910801637679952 14.948919760303752 10.2417361809412 7.335336938409851 2.8752895506365967 0.0 19.60965527488946 15.683160969651494 9.957682059595998 9.957682059595998 9.957682059595998 9.957682059595998 9.957682059595998 9.957682059595998 9.957682059595998 11.172261722677284 11.725674053119507
31 12.178072097011086 15.385909560373738 4.677744755755705 5.320712076404812 4.533369828284474 18.733080045737275 10.770099442437846 16.133385416582595 21.617139958838216 7.80196186865842 14.333962083108773 20.125380592674514 13.926874308329202 21.664739693797387 16.958781206207007 15.652274115923218 16.40245377984648 14.890620134836562 9.745610345175924 16.590207623776138 15.958101766814247 2.4297038914238094 1.9368853863871247 11.074065062116983 14.997561535129636 10.42498009590426 16.511347007437035 13.973533411417458 17.231630509037732 19.60965527488946 0.0 8.564277085662281 10.182424269298544 10.182424269298544 10.182424269298544 10.182424269298544 10.182424269298544 10.182424269298544 10.182424269298544 9.5088255846871 13.45160823098859
32 7.632291005982411 18.651016942783578 5.3013268150530015 3.918186953171071 13.077137454351393 15.370974529937913 15.148316870200464 12.733297805360559 17.32463638868072 7.840703093473188 17.845041804378045 17.76066918784312 6.363255298980233 17.256480405922872 12.042563929662155 19.83505384414169 19.29317070882855 7.988594995366833 15.571241601105546 16.681155985122857 14.755068620646941 6.235360855636183 10.491962495167432 11.621806615152396 13.515581304553645 14.553456221805183 17.56025199135821 8.457743552508553 12.831879207660897 15.683160969651494 8.564277085662281 0.0 10.016374693470688 10.016374693470688 10.016374693470688 10.016374693470688 10.016374693470688 10.016374693470688 10.016374693470688 4.87685985035453 15.520043878803952
33 5.301141386531772 9.036997565563466 6.6143918843685094 7.456629600563514 12.442670211815468 8.86889508337989 6.956488338235031 6.55128514110018 12.025663224953542 2.610291363047428 8.434532174341385 9.95702706634867 10.007137452838348 12.136786477482413 8.420356286998787 10.635618693804325 9.48800980184991 9.467257469827258 8.816077642580062 6.9392804382010675 5.798130043384678 9.963565074811324 11.33559919016194 1.6284240848132896 4.817210811247521 6.318941208778572 7.571914421069483 7.131846885625069 8.185262976838313 9.957682059595998 10.182424269298544 10.016374693470688 0.0 0.0 0.0 0.0 0.0 0.0 0.0 5.656854249492381 5.656854249492381
34 5.301141386531772 9.036997565563466 6.6143918843685094 7.456629600563514 12.442670211815468 8.86889508337989 6.956488338235031 6.55128514110018 12.025663224953542 2.610291363047428 8.434532174341385 9.95702706634867 10.007137452838348 12.136786477482413 8.420356286998787 10.635618693804325 9.48800980184991 9.467257469827258 8.816077642580062 6.9392804382010675 5.798130043384678 9.963565074811324 11.33559919016194 1.6284240848132896 4.817210811247521 6.318941208778572 7.571914421069483 7.131846885625069 8.185262976838313 9.957682059595998 10.182424269298544 10.016374693470688 0.0 0.0 0.0 0.0 0.0 0.0 0.0 5.656854249492381 5.656854249492381
35 5.301141386531772 9.036997565563466 6.6143918843685094 7.456629600563514 12.442670211815468 8.86889508337989 6.956488338235031 6.55128514110018 12.025663224953542 2.610291363047428 8.434532174341385 9.95702706634867 10.007137452838348 12.136786477482413 8.420356286998787 10.635618693804325 9.48800980184991 9.467257469827258 8.816077642580062 6.9392804382010675 5.798130043384678 9.963565074811324 11.33559919016194 1.6284240848132896 4.817210811247521 6.318941208778572 7.571914421069483 7.131846885625069 8.185262976838313 9.957682059595998 10.182424269298544 10.016374693470688 0.0 0.0 0.0 0.0 0.0 0.0 0.0 5.656854249492381 5.656854249492381
36 5.301141386531772 9.036997565563466 6.6143918843685094 7.456629600563514 12.442670211815468 8.86889508337989 6.956488338235031 6.55128514110018 12.025663224953542 2.610291363047428 8.434532174341385 9.95702706634867 10.007137452838348 12.136786477482413 8.420356286998787 10.635618693804325 9.48800980184991 9.467257469827258 8.816077642580062 6.9392804382010675 5.798130043384678 9.963565074811324 11.33559919016194 1.6284240848132896 4.817210811247521 6.318941208778572 7.571914421069483 7.131846885625069 8.185262976838313 9.957682059595998 10.182424269298544 10.016374693470688 0.0 0.0 0.0 0.0 0.0 0.0 0.0 5.656854249492381 5.656854249492381
37 5.301141386531772 9.036997565563466 6.6143918843685094 7.456629600563514 12.442670211815468 8.86889508337989 6.956488338235031 6.55128514110018 12.025663224953542 2.610291363047428 8.434532174341385 9.95702706634867 10.007137452838348 12.136786477482413 8.420356286998787 10.635618693804325 9.48800980184991 9.467257469827258 8.816077642580062 6.9392804382010675 5.798130043384678 9.963565074811324 11.33559919016194 1.6284240848132896 4.817210811247521 6.318941208778572 7.571914421069483 7.131846885625069 8.185262976838313 9.957682059595998 10.182424269298544 10.016374693470688 0.0 0.0 0.0 0.0 0.0 0.0 0.0 5.656854249492381 5.656854249492381
38 5.301141386531772 9.036997565563466 6.6143918843685094 7.456629600563514 12.442670211815468 8.86889508337989 6.956488338235031 6.55128514110018 12.025663224953542 2.610291363047428 8.434532174341385 9.95702706634867 10.007137452838348 12.136786477482413 8.420356286998787 10.635618693804325 9.48800980184991 9.467257469827258 8.816077642580062 6.9392804382010675 5.798130043384678 9.963565074811324 11.33559919016194 1.6284240848132896 4.817210811247521 6.318941208778572 7.571914421069483 7.131846885625069 8.185262976838313 9.957682059595998 10.182424269298544 10.016374693470688 0.0 0.0 0.0 0.0 0.0 0.0 0.0 5.656854249492381 5.656854249492381
39 5.301141386531772 9.036997565563466 6.6143918843685094 7.456629600563514 12.442670211815468 8.86889508337989 6.956488338235031 6.55128514110018 12.025663224953542 2.610291363047428 8.434532174341385 9.95702706634867 10.007137452838348 12.136786477482413 8.420356286998787 10.635618693804325 9.48800980184991 9.467257469827258 8.816077642580062 6.9392804382010675 5.798130043384678 9.963565074811324 11.33559919016194 1.6284240848132896 4.817210811247521 6.318941208778572 7.571914421069483 7.131846885625069 8.185262976838313 9.957682059595998 10.182424269298544 10.016374693470688 0.0 0.0 0.0 0.0 0.0 0.0 0.0 5.656854249492381 5.656854249492381
40 3.0341555662160764 14.668446577603234 4.838820104116292 4.444471284641177 13.39328346597652 10.693610241634955 11.937534502567939 8.003957583595755 12.977849436636255 4.271489318727134 14.006189096253127 12.94381659326182 5.098901842553944 12.954905866118827 7.854069009118776 16.154887340987557 15.144844997556099 5.514795009789576 13.086299133062793 11.927850309255225 9.893144697213318 7.970986701782911 11.299195059826165 7.277620833761539 8.649943352415669 11.294999690128373 12.963560004875204 4.530699725208017 8.423213757230668 11.172261722677284 9.5088255846871 4.87685985035453 5.656854249492381 5.656854249492381 5.656854249492381 5.656854249492381 5.656854249492381 5.656854249492381 5.656854249492381 0.0 11.313708498984761
41 10.535563582457277 3.488742610167738 11.317516512026833 12.467931865389703 13.937720114853791 10.342209628507826 4.275597034333334 9.26149755709086 13.594431801292762 7.705947118946508 3.179517730725841 9.733570156936251 15.436541063334104 13.81208116107055 12.004932319675941 5.4085474020294955 3.8312308727091873 14.58920710662509 6.942278084317857 4.246600169547399 5.776011772841188 14.10704182314634 13.903949402957421 4.042247518398645 5.965695265432186 4.034974349360848 3.2578962537195686 12.049864729531198 11.271491915447573 11.725674053119507 13.45160823098859 15.520043878803952 5.656854249492381 5.656854249492381 5.656854249492381 5.656854249492381 5.656854249492381 5.656854249492381 5.656854249492381 11.313708498984761 0.0
;
param arr := 1 0.0 2 0.0 3 0.0 4 0.0 5 0.0 6 0.0 7 0.0 8 0.0 9 276.0 10 32.0 11 115.0 12 14.0 13 198.0 14 160.0 15 180.0 16 366.0 17 402.0 18 322.0 19 179.0 20 138.0 21 82.0 22 49.0 23 400.0 24 298.0 25 0.0 26 0.0 27 0.0 28 0.0 29 0.0 30 0.0 31 0.0 32 0.0 33 0.0 34 0.0 35 0.0 36 0.0 37 0.0 38 0.0 39 0.0 40 0.0 41 0.0;
param dep := 1 1440.0 2 1440.0 3 1440.0 4 1440.0 5 1440.0 6 1440.0 7 1440.0 8 1440.0 9 291.0 10 47.0 11 130.0 12 29.0 13 213.0 14 175.0 15 195.0 16 381.0 17 417.0 18 337.0 19 194.0 20 153.0 21 97.0 22 64.0 23 415.0 24 313.0 25 1440.0 26 1440.0 27 1440.0 28 1440.0 29 1440.0 30 1440.0 31 1440.0 32 1440.0 33 480.0 34 480.0 35 480.0 36 480.0 37 480.0 38 480.0 39 480.0 40 480.0 41 480.0;
param d := 1 3.0 2 3.0 3 3.0 4 3.0 5 3.0 6 3.0 7 3.0 8 3.0 9 3.0 10 3.0 11 3.0 12 3.0 13 3.0 14 3.0 15 3.0 16 3.0 17 3.0 18 3.0 19 3.0 20 3.0 21 3.0 22 3.0 23 3.0 24 3.0 25 3.0 26 3.0 27 3.0 28 3.0 29 3.0 30 3.0 31 3.0 32 3.0 33 0.0 34 0.0 35 0.0 36 0.0 37 0.0 38 0.0 39 0.0 40 0.0 41 0.0;
param l := 1 1.0 2 1.0 3 1.0 4 1.0 5 1.0 6 1.0 7 1.0 8 1.0 9 1.0 10 1.0 11 1.0 12 1.0 13 1.0 14 1.0 15 1.0 16 1.0 17 -1.0 18 -1.0 19 -1.0 20 -1.0 21 -1.0 22 -1.0 23 -1.0 24 -1.0 25 -1.0 26 -1.0 27 -1.0 28 -1.0 29 -1.0 30 -1.0 31 -1.0 32 -1.0 33 0.0 34 0.0 35 0.0 36 0.0 37 0.0 38 0.0 39 0.0 40 0.0 41 0.0;
param u := 1 30 2 30 3 30 4 30 5 30 6 30 7 30 8 30 9 30 10 30 11 30 12 30 13 30 14 30 15 30 16 30;
param c := 1 3 2 3;
param Q := 14.85;
param Binit := 1 14.85 2 14.85;
param r := 0.0;
param beta:
 1 2 3 4 5 6 7 8 9 10 11 12 13 14 15 16 17 18 19 20 21 22 23 24 25 26 27 28 29 30 31 32 33 34 35 36 37 38 39 40 41:=
1 0.0 0.7711692862951687 0.41432472144442456 0.4064132510450416 0.8638608121971963 0.42598840359803225 0.6732772157514317 0.2806607103336696 0.5469035063884671 0.2965155692792539 0.745563212963864 0.5591113778130437 0.2711522312281424 0.5457100831485524 0.26746347881533283 0.868681994820314 0.784910412881623 0.22914713570106005 0.7654170893212405 0.5550823794041746 0.42265900783018934 0.59790017337763 0.7620144802593978 0.3661244079885961 0.3551626777970906 0.6379394260037546 0.6301898079943852 0.10992258776066001 0.29640125109385085 0.44836595064745943 0.6697939653356098 0.41977600532903264 0.2915627762592475 0.2915627762592475 0.2915627762592475 0.2915627762592475 0.2915627762592475 0.2915627762592475 0.2915627762592475 0.1668785561418842 0.5794559970351503
2 0.7711692862951687 0.0 0.7741388876196571 0.8435100421749582 0.8180181358778056 0.7250371218944585 0.25941970169013767 0.6867872397256665 0.8960703656103131 0.5949594690817182 0.059749849372195095 0.6591268221859886 1.0402550663779535 0.9096130948513218 0.8421958846521396 0.1202850125743021 0.06479002334464774 0.9942202009741103 0.37582752028024774 0.3502507960019506 0.4767405361672112 0.9054217870694299 0.8490992164935732 0.41036199933717066 0.5027581167171744 0.27334812423903704 0.250055411709085 0.8542833867195359 0.7973042309714655 0.8018262879358595 0.8462250258205556 1.0258059318530968 0.4970348661059906 0.4970348661059906 0.4970348661059906 0.4970348661059906 0.4970348661059906 0.4970348661059906 0.4970348661059906 0.8067645617681779 0.19188084355922558
3 0.41432472144442456 0.7741388876196571 0.0 0.07714994507451058 0.4763132417327908 0.7955673630812164 0.5569362734191409 0.6486018573246611 0.944927025806755 0.22022747926859623 0.723865823564699 0.8898386480705365 0.5218209977568936 0.9463003450543596 0.6797098670020908 0.824038547596531 0.8181125338546037 0.5654834782732383 0.5667354605325134 0.7436705955764286 0.6769333238214824 0.19310622187024426 0.3555537139800399 0.4367849888961387 0.6161298747017548 0.5266142727366968 0.7654668583942743 0.5113973821794554 0.6991112502670801 0.8372465357945651 0.2572759615665638 0.2915729748279151 0.363791553640268 0.363791553640268 0.363791553640268 0.363791553640268 0.363791553640268 0.363791553640268 0.363791553640268 0.26613510572639604 0.6224634081614758
4 0.4064132510450416 0.8435100421749582 0.07714994507451058 0.0 0.5287165562236537 0.8096915836446615 0.6318428270741071 0.6610281574940662 0.9493228616887933 0.26949445504499714 0.7946107217059182 0.9151284459708376 0.4733737404261035 0.949338755726848 0.673816501820043 0.8972087811652313 0.8853906166912996 0.5290066089615516 0.6438850023490219 0.7917290977664013 0.7132238514134255 0.19429956420434918 0.39729607762976976 0.48962867690730694 0.6494550097774285 0.6009018927620382 0.821067405591648 0.493514239941463 0.7000422232444269 0.8452013491618432 0.29263916420226466 0.2155002824244089 0.41011462803099324 0.41011462803099324 0.41011462803099324 0.41011462803099324 0.41011462803099324 0.41011462803099324 0.41011462803099324 0.24444592065526474 0.6857362525964337
5 0.8638608121971963 0.8180181358778056 0.4763132417327908 0.5287165562236537 0.0 1.1720994886314047 0.5616016254428043 1.039957867283574 1.343606852561418 0.583866915593785 0.7583674057638553 1.2204032800881845 0.9978342012829587 1.3487223492624416 1.1131000960605475 0.7971791697761551 0.8809412753413249 1.0394351649092883 0.45107330837126686 0.977151548085045 0.9802539909890702 0.3822595952033121 0.1474449064057487 0.7044430681928809 0.9398300382781984 0.5572105890056289 0.9455030435963706 0.9698853670666446 1.1169365225472752 1.2302078006784058 0.2493353405556461 0.7192425599893266 0.6843468616498507 0.6843468616498507 0.6843468616498507 0.6843468616498507 0.6843468616498507 0.6843468616498507 0.6843468616498507 0.7366305906287086 0.7665746063169585
6 0.42598840359803225 0.7250371218944585 0.7955673630812164 0.8096915836446615 1.1720994886314047 0.0 0.7762475811556517 0.14890137516154778 0.18216362013311002 0.6021464931600947 0.7331807486050081 0.1619421180545691 0.6105061936622757 0.19242029635669936 0.22925765527022215 0.8448509253856564 0.7022619384887664 0.5088328678456219 0.9134362925924281 0.3810787592152047 0.2515615346192656 0.9884895943433092 1.1045118746871851 0.48287508335489826 0.2524247874120131 0.74947139214916 0.4873058724251124 0.3998492737269883 0.1650047115993965 0.07681505646681518 1.0303194025155502 0.8454035991465852 0.48778922958589394 0.48778922958589394 0.48778922958589394 0.48778922958589394 0.48778922958589394 0.48778922958589394 0.48778922958589394 0.5881485632899225 0.5688215295679304
7 0.6732772157514317 0.25941970169013767 0.5569362734191409 0.6318428270741071 0.5616016254428043 0.7762475811556517 0.0 0.6896367185881274 0.9582140250747742 0.42304381501801913 0.19986274271359336 0.7635390921557323 0.9224585341629183 0.9686408191378267 0.8234625457481354 0.27245062052599556 0.3205696125648843 0.9019825239160679 0.14668495875514984 0.4683627847352947 0.5328091439249143 0.6630913251770076 0.5900947846956455 0.3244595631584928 0.5245624070117874 0.035633209229593635 0.4073353098492691 0.774789796428683 0.7956338628414455 0.849652578557848 0.5923554693340816 0.8331574278610255 0.3826068586029267 0.3826068586029267 0.3826068586029267 0.3826068586029267 0.3826068586029267 0.3826068586029267 0.3826068586029267 0.6565643976412366 0.23515783688833336
8 0.2806607103336696 0.6867872397256665 0.6486018573246611 0.6610281574940662 1.039957867283574 0.14890137516154778 0.6896367185881274 0.0 0.304052540895484 0.4618762203231511 0.6829181879625114 0.2810025571502865 0.4917166135336491 0.3087691623608161 0.15973720551267948 0.8024910661184959 0.6770880945822338 0.39948259840073136 0.8176622572003677 0.37549692708463006 0.22389103002353622 0.8412081294483548 0.9650539231048181 0.374479042471004 0.18406094106300772 0.6593197050179829 0.475974540942055 0.2723259505170229 0.11071193984841923 0.1916347518718878 0.8873361979120428 0.7003313792948308 0.3603206827605099 0.3603206827605099 0.3603206827605099 0.3603206827605099 0.3603206827605099 0.3603206827605099 0.3603206827605099 0.4402176670977665 0.5093823656399974
9 0.5469035063884671 0.8960703656103131 0.944927025806755 0.9493228616887933 1.343606852561418 0.18216362013311002 0.9582140250747742 0.304052540895484 0.0 0.7656010213714451 0.9083117785898188 0.25911940047013077 0.6681608623677385 0.016704252452594225 0.2909754298905665 1.0163385948713157 0.8681047131826898 0.5593592585271115 1.095592369827848 0.5468244081284228 0.43010919939010833 1.135746251204467 1.268567560134264 0.6630120517192731 0.4345817543339803 0.9316030761273817 0.6515120873782773 0.48818969120619493 0.2505111439636967 0.11376414637309945 1.188942697736102 0.9528550013774396 0.6614114773724448 0.6614114773724448 0.6614114773724448 0.6614114773724448 0.6614114773724448 0.6614114773724448 0.6614114773724448 0.713781719014994 0.7476937490711019
10 0.2965155692792539 0.5949594690817182 0.22022747926859623 0.26949445504499714 0.583866915593785 0.6021464931600947 0.42304381501801913 0.4618762203231511 0.7656010213714451 0.0 0.5522504454049811 0.680211558873414 0.5097169888526377 0.7694830012579875 0.5301437789175687 0.6655079726795164 0.630025115233512 0.5092142408898243 0.48672908712136786 0.5241696161072292 0.4592156319475634 0.4059652271439021 0.5032096169589767 0.22014159318493176 0.40101101970519465 0.3879961541368677 0.5517449257809264 0.40643409136660763 0.5333071617979641 0.6535003649769447 0.42910790277621313 0.43123867014102535 0.14356602496760854 0.14356602496760854 0.14356602496760854 0.14356602496760854 0.14356602496760854 0.14356602496760854 0.14356602496760854 0.23493191252999238 0.42382709154205794
11 0.745563212963864 0.059749849372195095 0.723865823564699 0.7946107217059182 0.7583674057638553 0.7331807486050081 0.19986274271359336 0.6829181879625114 0.9083117785898188 0.5522504454049811 0.0 0.6797615100349534 1.0121358842196042 0.9211966812928715 0.8349507611380447 0.12369824028659422 0.12309340366160976 0.9714889390132035 0.3177286925979459 0.3686576438919991 0.4820843872445985 0.8502321188945993 0.7897938603521808 0.38043954421169207 0.5001908317082592 0.21502451703236075 0.27642948020245595 0.833427616548072 0.7936046360909191 0.8098948109631277 0.7883679145709825 0.9814772992407925 0.46389926958877614 0.46389926958877614 0.46389926958877614 0.46389926958877614 0.46389926958877614 0.46389926958877614 0.46389926958877614 0.770340400293922 0.17487347518992125
12 0.5591113778130437 0.6591268221859886 0.8898386480705365 0.9151284459708376 1.2204032800881845 0.1619421180545691 0.7635390921557323 0.2810025571502865 0.25911940047013077 0.680211558873414 0.6797615100349534 0.0 0.766135122612193 0.275224143653859 0.3905327352476358 0.7786946480649525 0.6239510918733936 0.6671311464772126 0.9081491028597672 0.31110717305295293 0.24142093219105917 1.0820201385025143 1.1703760522690987 0.5159683789972018 0.28308309257177483 0.7423583431537629 0.4094278169592291 0.5503285928424946 0.32575969310213937 0.20970700155216565 1.1068959325970982 0.9768368053313716 0.5476364886491769 0.5476364886491769 0.5476364886491769 0.5476364886491769 0.5476364886491769 0.5476364886491769 0.5476364886491769 0.7119099126294001 0.5353463586314938
13 0.2711522312281424 1.0402550663779535 0.5218209977568936 0.4733737404261035 0.9978342012829587 0.6105061936622757 0.9224585341629183 0.4917166135336491 0.6681608623677385 0.5097169888526377 1.0121358842196042 0.766135122612193 0.0 0.6604535437485365 0.38822520526107 1.1343956931445922 1.0556731147708556 0.10908035065950235 0.9964406709006813 0.8190634070235344 0.678309289483787 0.6566324787314438 0.8705081158869227 0.6317085689817735 0.6138958778164259 0.8868273167026376 0.8991025340860742 0.22060751619108537 0.4478437404385596 0.6013855430586938 0.7659780869581061 0.34997904144391284 0.5503925599061091 0.5503925599061091 0.5503925599061091 0.5503925599061091 0.5503925599061091 0.5503925599061091 0.5503925599061091 0.2804396013404669 0.8490097584833758
14 0.5457100831485524 0.9096130948513218 0.9463003450543596 0.949338755726848 1.3487223492624416 0.19242029635669936 0.9686408191378267 0.3087691623608161 0.016704252452594225 0.7694830012579875 0.9211966812928715 0.275224143653859 0.6604535437485365 0.0 0.2867788500744084 1.0298545917871125 0.8822622396997392 0.5514945468905382 1.1053430021604154 0.5607548864031414 0.44198660460470973 1.1366184668678403 1.2721232261557842 0.6711543091011188 0.4444811652365036 0.9417036782873899 0.6657016467232149 0.4840533783065665 0.24951569409558189 0.12098812441723361 1.1915606831588563 0.9491064223257579 0.6675232562615327 0.6675232562615327 0.6675232562615327 0.6675232562615327 0.6675232562615327 0.6675232562615327 0.6675232562615327 0.7125198226365355 0.7596644638588802
15 0.26746347881533283 0.8421958846521396 0.6797098670020908 0.673816501820043 1.1131000960605475 0.22925765527022215 0.8234625457481354 0.15973720551267948 0.2909754298905665 0.5301437789175687 0.8349507611380447 0.3905327352476358 0.38822520526107 0.2867788500744084 0.0 0.9561345044631535 0.8350707252981631 0.28282523101731927 0.9424150495535395 0.5350416198063475 0.3835773343147376 0.8652194255360891 1.021039626373531 0.4999584253965523 0.3412775837936034 0.7911166236718832 0.6356798640825426 0.19729529593986775 0.06504121501017643 0.21322194117866952 0.9327329663413854 0.6623410161314185 0.4631195957849333 0.4631195957849333 0.4631195957849333 0.4631195957849333 0.4631195957849333 0.4631195957849333 0.4631195957849333 0.4319737955015327 0.6602712775821767
16 0.868681994820314 0.1202850125743021 0.824038547596531 0.8972087811652313 0.7971791697761551 0.8448509253856564 0.27245062052599556 0.8024910661184959 1.0163385948713157 0.6655079726795164 0.12369824028659422 0.7786946480649525 1.1343956931445922 1.0298545917871125 0.9561345044631535 0.0 0.1615467598715617 1.0949926462880928 0.3461938290177917 0.4704592172016614 0.5957302372089234 0.9354852620164574 0.8487368264073382 0.5030124822009887 0.6188626615211166 0.2988816849942465 0.3692903684433159 0.9571027196309704 0.913184199942706 0.9216593602437944 0.860875076375777 1.090927961427793 0.5849590281592378 0.5849590281592378 0.5849590281592378 0.5849590281592378 0.5849590281592378 0.5849590281592378 0.5849590281592378 0.8885188037543156 0.29747010711162225
17 0.784910412881623 0.06479002334464774 0.8181125338546037 0.8853906166912996 0.8809412753413249 0.7022619384887664 0.3205696125648843 0.6770880945822338 0.8681047131826898 0.630025115233512 0.12309340366160976 0.6239510918733936 1.0556731147708556 0.8822622396997392 0.8350707252981631 0.1615467598715617 0.0 1.0035836632040203 0.4403983805885303 0.3218755682325081 0.45968099117757744 0.9564460355006968 0.9085665815585561 0.43297062328176494 0.493796413970373 0.3316864822388757 0.21659775125794822 0.8621509241716325 0.786614945446627 0.7786404564688378 0.9021349578915563 1.0611243889855704 0.5218405391017451 0.5218405391017451 0.5218405391017451 0.5218405391017451 0.5218405391017451 0.5218405391017451 0.5218405391017451 0.8329664748655855 0.2107176979990053
18 0.22914713570106005 0.9942202009741103 0.5654834782732383 0.5290066089615516 1.0394351649092883 0.5088328678456219 0.9019825239160679 0.39948259840073136 0.5593592585271115 0.5092142408898243 0.9714889390132035 0.6671311464772126 0.10908035065950235 0.5514945468905382 0.28282523101731927 1.0949926462880928 1.0035836632040203 0.0 0.9898664708560445 0.7464699385943148 0.6002604855394033 0.7200686729923751 0.920490872754858 0.593909225239851 0.5394089214130593 0.8665620888603425 0.8332354784213164 0.14241228072044915 0.3444840426638076 0.495247230481908 0.8189841074160109 0.43937272474517586 0.5206991608404992 0.5206991608404992 0.5206991608404992 0.5206991608404992 0.5206991608404992 0.5206991608404992 0.5206991608404992 0.30331372553842667 0.8024063908643799
19 0.7654170893212405 0.37582752028024774 0.5667354605325134 0.6438850023490219 0.45107330837126686 0.9134362925924281 0.14668495875514984 0.8176622572003677 1.095592369827848 0.48672908712136786 0.3177286925979459 0.9081491028597672 0.9964406709006813 1.1053430021604154 0.9424150495535395 0.3461938290177917 0.4403983805885303 0.9898664708560445 0.0 0.6150269985130734 0.6744988073562473 0.6309239172039686 0.5091679650665387 0.4442862416280748 0.6610117767672525 0.16593890118052487 0.5522717172053988 0.8719836562258493 0.9202330337610143 0.9853149977164664 0.5360085689846759 0.856418288060805 0.4848842703419034 0.4848842703419034 0.4848842703419034 0.4848842703419034 0.4848842703419034 0.4848842703419034 0.4848842703419034 0.7197464523184536 0.3818252946374821
20 0.5550823794041746 0.3502507960019506 0.7436705955764286 0.7917290977664013 0.977151548085045 0.3810787592152047 0.4683627847352947 0.37549692708463006 0.5468244081284228 0.5241696161072292 0.3686576438919991 0.31110717305295293 0.8190634070235344 0.5607548864031414 0.5350416198063475 0.4704592172016614 0.3218755682325081 0.7464699385943148 0.6150269985130734 0.0 0.15178709637185894 0.9215770852185943 0.9550171777774473 0.30875062105200696 0.207087942490624 0.45265668615961036 0.10624651959005527 0.6052282794326451 0.48002492958699555 0.45714518112411506 0.9124614193076875 0.9174635791817571 0.3816604241010587 0.3816604241010587 0.3816604241010587 0.3816604241010587 0.3816604241010587 0.3816604241010587 0.3816604241010587 0.6560317670090374 0.23356300932510696
21 0.42265900783018934 0.4767405361672112 0.6769333238214824 0.7132238514134255 0.9802539909890702 0.2515615346192656 0.5328091439249143 0.22389103002353622 0.43010919939010833 0.4592156319475634 0.4820843872445985 0.24142093219105917 0.678309289483787 0.44198660460470973 0.3835773343147376 0.5957302372089234 0.45968099117757744 0.6002604855394033 0.6744988073562473 0.15178709637185894 0.0 0.8651758824799729 0.935494864189537 0.27628624146887953 0.06859644451427496 0.5087310855943443 0.25274854895725907 0.4607356795387134 0.32992919823804623 0.32806330364732966 0.8776955971747836 0.8115287741355818 0.3188971523861573 0.3188971523861573 0.3188971523861573 0.3188971523861573 0.3188971523861573 0.3188971523861573 0.3188971523861573 0.5441229583467325 0.31768064750626535
22 0.59790017337763 0.9054217870694299 0.19310622187024426 0.19429956420434918 0.3822595952033121 0.9884895943433092 0.6630913251770076 0.8412081294483548 1.135746251204467 0.4059652271439021 0.8502321188945993 1.0820201385025143 0.6566324787314438 1.1366184668678403 0.8652194255360891 0.9354852620164574 0.9564460355006968 0.7200686729923751 0.6309239172039686 0.9215770852185943 0.8651758824799729 0.0 0.2364720250896499 0.6128364874907499 0.8061335215241952 0.638835521652483 0.9325650351181948 0.687586359975967 0.8882785603767548 1.0290733357856476 0.1336337140283095 0.34294484705999007 0.5479960791146229 0.5479960791146229 0.5479960791146229 0.5479960791146229 0.5479960791146229 0.5479960791146229 0.5479960791146229 0.4384042685980601 0.7758873002730486
23 0.7620144802593978 0.8490992164935732 0.3555537139800399 0.39729607762976976 0.1474449064057487 1.1045118746871851 0.5900947846956455 0.9650539231048181 1.268567560134264 0.5032096169589767 0.7897938603521808 1.1703760522690987 0.8705081158869227 1.2721232261557842 1.021039626373531 0.8487368264073382 0.9085665815585561 0.920490872754858 0.5091679650665387 0.9550171777774473 0.935494864189537 0.2364720250896499 0.0 0.6610535137566399 0.8872930583662876 0.5769159844596092 0.9392971833370949 0.8637473962478847 1.0319971793202731 1.1566873787350669 0.10652869625129185 0.5770579372342087 0.6234579554589067 0.6234579554589067 0.6234579554589067 0.6234579554589067 0.6234579554589067 0.6234579554589067 0.6234579554589067 0.621455728290439 0.7647172171626582
24 0.3661244079885961 0.41036199933717066 0.4367849888961387 0.48962867690730694 0.7044430681928809 0.48287508335489826 0.3244595631584928 0.374479042471004 0.6630120517192731 0.22014159318493176 0.38043954421169207 0.5159683789972018 0.6317085689817735 0.6711543091011188 0.4999584253965523 0.5030124822009887 0.43297062328176494 0.593909225239851 0.4442862416280748 0.30875062105200696 0.27628624146887953 0.6128364874907499 0.6610535137566399 0.0 0.2374356370155921 0.2914368417427694 0.3317973681706954 0.45927694262285795 0.47594685609319876 0.5501729615539099 0.6090735784164341 0.6391993638333818 0.08956332466473092 0.08956332466473092 0.08956332466473092 0.08956332466473092 0.08956332466473092 0.08956332466473092 0.08956332466473092 0.4002691458568846 0.22232361351192545
25 0.3551626777970906 0.5027581167171744 0.6161298747017548 0.6494550097774285 0.9398300382781984 0.2524247874120131 0.5245624070117874 0.18406094106300772 0.4345817543339803 0.40101101970519465 0.5001908317082592 0.28308309257177483 0.6138958778164259 0.4444811652365036 0.3412775837936034 0.6188626615211166 0.493796413970373 0.5394089214130593 0.6610117767672525 0.207087942490624 0.06859644451427496 0.8061335215241952 0.8872930583662876 0.2374356370155921 0.0 0.4972425440868872 0.29905024928931256 0.39840247614692353 0.2945524473671879 0.32509409007239737 0.8248658844321299 0.7433569717504505 0.26494659461861364 0.26494659461861364 0.26494659461861364 0.26494659461861364 0.26494659461861364 0.26494659461861364 0.26494659461861364 0.4757468843828618 0.3281132395987702
26 0.6379394260037546 0.27334812423903704 0.5266142727366968 0.6009018927620382 0.5572105890056289 0.74947139214916 0.035633209229593635 0.6593197050179829 0.9316030761273817 0.3879961541368677 0.21502451703236075 0.7423583431537629 0.8868273167026376 0.9417036782873899 0.7911166236718832 0.2988816849942465 0.3316864822388757 0.8665620888603425 0.16593890118052487 0.45265668615961036 0.5087310855943443 0.638835521652483 0.5769159844596092 0.2914368417427694 0.4972425440868872 0.0 0.39856032247327383 0.7397854731271762 0.7644897200747699 0.8221905868167064 0.5733739052747343 0.800440092199285 0.3475417664828215 0.3475417664828215 0.3475417664828215 0.3475417664828215 0.3475417664828215 0.3475417664828215 0.3475417664828215 0.6212249829570605 0.22192358921484664
27 0.6301898079943852 0.250055411709085 0.7654668583942743 0.821067405591648 0.9455030435963706 0.4873058724251124 0.4073353098492691 0.475974540942055 0.6515120873782773 0.5517449257809264 0.27642948020245595 0.4094278169592291 0.8991025340860742 0.6657016467232149 0.6356798640825426 0.3692903684433159 0.21659775125794822 0.8332354784213164 0.5522717172053988 0.10624651959005527 0.25274854895725907 0.9325650351181948 0.9392971833370949 0.3317973681706954 0.29905024928931256 0.39856032247327383 0.0 0.6909451742359881 0.5826685826865904 0.5632954899517659 0.9081240854090369 0.9658138595247016 0.41645529315882157 0.41645529315882157 0.41645529315882157 0.41645529315882157 0.41645529315882157 0.41645529315882157 0.41645529315882157 0.7129958002681362 0.17918429395457627
28 0.10992258776066001 0.8542833867195359 0.5113973821794554 0.493514239941463 0.9698853670666446 0.3998492737269883 0.774789796428683 0.2723259505170229 0.48818969120619493 0.40643409136660763 0.833427616548072 0.5503285928424946 0.22060751619108537 0.4840533783065665 0.19729529593986775 0.9571027196309704 0.8621509241716325 0.14241228072044915 0.8719836562258493 0.6052282794326451 0.4607356795387134 0.687586359975967 0.8637473962478847 0.45927694262285795 0.39840247614692353 0.7397854731271762 0.6909451742359881 0.0 0.2453153526585729 0.4034435316125418 0.7685443376279602 0.46517589538797044 0.39225157870937877 0.39225157870937877 0.39225157870937877 0.39225157870937877 0.39225157870937877 0.39225157870937877 0.39225157870937877 0.2491884848864409 0.6627425601242158
29 0.29640125109385085 0.7973042309714655 0.6991112502670801 0.7000422232444269 1.1169365225472752 0.1650047115993965 0.7956338628414455 0.11071193984841923 0.2505111439636967 0.5333071617979641 0.7936046360909191 0.32575969310213937 0.4478437404385596 0.24951569409558189 0.06504121501017643 0.913184199942706 0.786614945446627 0.3444840426638076 0.9202330337610143 0.48002492958699555 0.32992919823804623 0.8882785603767548 1.0319971793202731 0.47594685609319876 0.2945524473671879 0.7644897200747699 0.5826685826865904 0.2453153526585729 0.0 0.15814092528501283 0.9477396779970753 0.7057533564213494 0.45018946372610724 0.45018946372610724 0.45018946372610724 0.45018946372610724 0.45018946372610724 0.45018946372610724 0.45018946372610724 0.46327675664768675 0.6199320553496165
30 0.44836595064745943 0.8018262879358595 0.8372465357945651 0.8452013491618432 1.2302078006784058 0.07681505646681518 0.849652578557848 0.1916347518718878 0.11376414637309945 0.6535003649769447 0.8098948109631277 0.20970700155216565 0.6013855430586938 0.12098812441723361 0.21322194117866952 0.9216593602437944 0.7786404564688378 0.495247230481908 0.9853149977164664 0.45714518112411506 0.32806330364732966 1.0290733357856476 1.1566873787350669 0.5501729615539099 0.32509409007239737 0.8221905868167064 0.5632954899517659 0.4034435316125418 0.15814092528501283 0.0 1.0785310401189203 0.8625738533308321 0.5476725132777799 0.5476725132777799 0.5476725132777799 0.5476725132777799 0.5476725132777799 0.5476725132777799 0.5476725132777799 0.6144743947472506 0.6449120729215728
31 0.6697939653356098 0.8462250258205556 0.2572759615665638 0.29263916420226466 0.2493353405556461 1.0303194025155502 0.5923554693340816 0.8873361979120428 1.188942697736102 0.42910790277621313 0.7883679145709825 1.1068959325970982 0.7659780869581061 1.1915606831588563 0.9327329663413854 0.860875076375777 0.9021349578915563 0.8189841074160109 0.5360085689846759 0.9124614193076875 0.8776955971747836 0.1336337140283095 0.10652869625129185 0.6090735784164341 0.8248658844321299 0.5733739052747343 0.9081240854090369 0.7685443376279602 0.9477396779970753 1.0785310401189203 0.0 0.47103523971142547 0.5600333348114199 0.5600333348114199 0.5600333348114199 0.5600333348114199 0.5600333348114199 0.5600333348114199 0.5600333348114199 0.5229854071577905 0.7398384527043724
32 0.41977600532903264 1.0258059318530968 0.2915729748279151 0.2155002824244089 0.7192425599893266 0.8454035991465852 0.8331574278610255 0.7003313792948308 0.9528550013774396 0.43123867014102535 0.9814772992407925 0.9768368053313716 0.34997904144391284 0.9491064223257579 0.6623410161314185 1.090927961427793 1.0611243889855704 0.43937272474517586 0.856418288060805 0.9174635791817571 0.8115287741355818 0.34294484705999007 0.5770579372342087 0.6391993638333818 0.7433569717504505 0.800440092199285 0.9658138595247016 0.46517589538797044 0.7057533564213494 0.8625738533308321 0.47103523971142547 0.0 0.5509006081408878 0.5509006081408878 0.5509006081408878 0.5509006081408878 0.5509006081408878 0.5509006081408878 0.5509006081408878 0.26822729176949917 0.8536024133342174
33 0.2915627762592475 0.4970348661059906 0.363791553640268 0.41011462803099324 0.6843468616498507 0.48778922958589394 0.3826068586029267 0.3603206827605099 0.6614114773724448 0.14356602496760854 0.46389926958877614 0.5476364886491769 0.5503925599061091 0.6675232562615327 0.4631195957849333 0.5849590281592378 0.5218405391017451 0.5206991608404992 0.4848842703419034 0.3816604241010587 0.3188971523861573 0.5479960791146229 0.6234579554589067 0.08956332466473092 0.26494659461861364 0.3475417664828215 0.41645529315882157 0.39225157870937877 0.45018946372610724 0.5476725132777799 0.5600333348114199 0.5509006081408878 0.0 0.0 0.0 0.0 0.0 0.0 0.0 0.3111269837220809 0.3111269837220809
34 0.2915627762592475 0.4970348661059906 0.363791553640268 0.41011462803099324 0.6843468616498507 0.48778922958589394 0.3826068586029267 0.3603206827605099 0.6614114773724448 0.14356602496760854 0.46389926958877614 0.5476364886491769 0.5503925599061091 0.6675232562615327 0.4631195957849333 0.5849590281592378 0.5218405391017451 0.5206991608404992 0.4848842703419034 0.3816604241010587 0.3188971523861573 0.5479960791146229 0.6234579554589067 0.08956332466473092 0.26494659461861364 0.3475417664828215 0.41645529315882157 0.39225157870937877 0.45018946372610724 0.5476725132777799 0.5600333348114199 0.5509006081408878 0.0 0.0 0.0 0.0 0.0 0.0 0.0 0.3111269837220809 0.3111269837220809
35 0.2915627762592475 0.4970348661059906 0.363791553640268 0.41011462803099324 0.6843468616498507 0.48778922958589394 0.3826068586029267 0.3603206827605099 0.6614114773724448 0.14356602496760854 0.46389926958877614 0.5476364886491769 0.5503925599061091 0.6675232562615327 0.4631195957849333 0.5849590281592378 0.5218405391017451 0.5206991608404992 0.4848842703419034 0.3816604241010587 0.3188971523861573 0.5479960791146229 0.6234579554589067 0.08956332466473092 0.26494659461861364 0.3475417664828215 0.41645529315882157 0.39225157870937877 0.45018946372610724 0.5476725132777799 0.5600333348114199 0.5509006081408878 0.0 0.0 0.0 0.0 0.0 0.0 0.0 0.3111269837220809 0.3111269837220809
36 0.2915627762592475 0.4970348661059906 0.363791553640268 0.41011462803099324 0.6843468616498507 0.48778922958589394 0.3826068586029267 0.3603206827605099 0.6614114773724448 0.14356602496760854 0.46389926958877614 0.5476364886491769 0.5503925599061091 0.6675232562615327 0.4631195957849333 0.5849590281592378 0.5218405391017451 0.5206991608404992 0.4848842703419034 0.3816604241010587 0.3188971523861573 0.5479960791146229 0.6234579554589067 0.08956332466473092 0.26494659461861364 0.3475417664828215 0.41645529315882157 0.39225157870937877 0.45018946372610724 0.5476725132777799 0.5600333348114199 0.5509006081408878 0.0 0.0 0.0 0.0 0.0 0.0 0.0 0.3111269837220809 0.3111269837220809
37 0.2915627762592475 0.4970348661059906 0.363791553640268 0.41011462803099324 0.6843468616498507 0.48778922958589394 0.3826068586029267 0.3603206827605099 0.6614114773724448 0.14356602496760854 0.46389926958877614 0.5476364886491769 0.5503925599061091 0.6675232562615327 0.4631195957849333 0.5849590281592378 0.5218405391017451 0.5206991608404992 0.4848842703419034 0.3816604241010587 0.3188971523861573 0.5479960791146229 0.6234579554589067 0.08956332466473092 0.26494659461861364 0.3475417664828215 0.41645529315882157 0.39225157870937877 0.45018946372610724 0.5476725132777799 0.5600333348114199 0.5509006081408878 0.0 0.0 0.0 0.0 0.0 0.0 0.0 0.3111269837220809 0.3111269837220809
38 0.2915627762592475 0.4970348661059906 0.363791553640268 0.41011462803099324 0.6843468616498507 0.48778922958589394 0.3826068586029267 0.3603206827605099 0.6614114773724448 0.14356602496760854 0.46389926958877614 0.5476364886491769 0.5503925599061091 0.6675232562615327 0.4631195957849333 0.5849590281592378 0.5218405391017451 0.5206991608404992 0.4848842703419034 0.3816604241010587 0.3188971523861573 0.5479960791146229 0.6234579554589067 0.08956332466473092 0.26494659461861364 0.3475417664828215 0.41645529315882157 0.39225157870937877 0.45018946372610724 0.5476725132777799 0.5600333348114199 0.5509006081408878 0.0 0.0 0.0 0.0 0.0 0.0 0.0 0.3111269837220809 0.3111269837220809
39 0.2915627762592475 0.4970348661059906 0.363791553640268 0.41011462803099324 0.6843468616498507 0.48778922958589394 0.3826068586029267 0.3603206827605099 0.6614114773724448 0.14356602496760854 0.46389926958877614 0.5476364886491769 0.5503925599061091 0.6675232562615327 0.4631195957849333 0.5849590281592378 0.5218405391017451 0.5206991608404992 0.4848842703419034 0.3816604241010587 0.3188971523861573 0.5479960791146229 0.6234579554589067 0.08956332466473092 0.26494659461861364 0.3475417664828215 0.41645529315882157 0.39225157870937877 0.45018946372610724 0.5476725132777799 0.5600333348114199 0.5509006081408878 0.0 0.0 0.0 0.0 0.0 0.0 0.0 0.3111269837220809 0.3111269837220809
40 0.1668785561418842 0.8067645617681779 0.26613510572639604 0.24444592065526474 0.7366305906287086 0.5881485632899225 0.6565643976412366 0.4402176670977665 0.713781719014994 0.23493191252999238 0.770340400293922 0.7119099126294001 0.2804396013404669 0.7125198226365355 0.4319737955015327 0.8885188037543156 0.8329664748655855 0.30331372553842667 0.7197464523184536 0.6560317670090374 0.5441229583467325 0.4384042685980601 0.621455728290439 0.4002691458568846 0.4757468843828618 0.6212249829570605 0.7129958002681362 0.2491884848864409 0.46327675664768675 0.6144743947472506 0.5229854071577905 0.26822729176949917 0.3111269837220809 0.3111269837220809 0.3111269837220809 0.3111269837220809 0.3111269837220809 0.3111269837220809 0.3111269837220809 0.0 0.6222539674441618
41 0.5794559970351503 0.19188084355922558 0.6224634081614758 0.6857362525964337 0.7665746063169585 0.5688215295679304 0.23515783688833336 0.5093823656399974 0.7476937490711019 0.42382709154205794 0.17487347518992125 0.5353463586314938 0.8490097584833758 0.7596644638588802 0.6602712775821767 0.29747010711162225 0.2107176979990053 0.8024063908643799 0.3818252946374821 0.23356300932510696 0.31768064750626535 0.7758873002730486 0.7647172171626582 0.22232361351192545 0.3281132395987702 0.22192358921484664 0.17918429395457627 0.6627425601242158 0.6199320553496165 0.6449120729215728 0.7398384527043724 0.8536024133342174 0.3111269837220809 0.3111269837220809 0.3111269837220809 0.3111269837220809 0.3111269837220809 0.3111269837220809 0.3111269837220809 0.6222539674441618 0.0
;
param alpha := 39 0.055 40 0.055 41 0.055;
param Tp := 480;
param w1 := 0.75;
param w2 := 0.25;
param M:
 1 2 3 4 5 6 7 8 9 10 11 12 13 14 15 16 17 18 19 20 21 22 23 24 25 26 27 28 29 30 31 32 33 34 35 36 37 38 39 40 41:=
1 1443.0 1457.0212597508212 1450.533176753535 1450.3893318371827 1458.7065602217672 1450.7452437017823 1455.2414039227533 1448.1029220060668 1176.9437001161539 1416.3911921687138 1341.5556947811613 1439.1656614147826 1249.9300405677843 1292.922001511792 1267.862972342097 1092.794218087642 1055.2710984160294 1125.1663115582012 1277.9166743512953 1315.0924068982577 1368.6847092332762 1404.8709122432297 1056.8548087319891 1151.6568074179745 1449.4575032326743 1454.5988986546138 1454.4579965089888 1444.9985925047392 1448.3891136562518 1451.1521081935903 1455.1780720970112 1450.6322910059823 1448.3011413865318 1448.3011413865318 1448.3011413865318 1448.3011413865318 1448.3011413865318 1448.3011413865318 1448.3011413865318 1446.034155566216 1453.5355635824574
2 1457.0212597508212 1443.0 1457.0752525021755 1458.3365462213628 1457.87305701596 1456.1824931253539 1447.7167218489117 1455.4870407222847 1183.292188465642 1421.8174448923949 1329.0863608976763 1440.9841240397452 1263.913728479599 1299.5384199063876 1278.3126524482207 1079.1870002286237 1042.178000424448 1139.076730926802 1270.833227641459 1311.3681962909445 1369.6680097484948 1410.4622143103534 1058.4381675726104 1152.4611272606758 1452.141056667585 1447.9699658952552 1447.5464620310743 1458.5324252130824 1457.4964405631176 1457.578659780652 1458.3859095603736 1461.6510169427836 1452.0369975655635 1452.0369975655635 1452.0369975655635 1452.0369975655635 1452.0369975655635 1452.0369975655635 1452.0369975655635 1457.6684465776032 1446.4887426101677
3 1450.533176753535 1457.0752525021755 1443.0 1444.402726274082 1451.660240758778 1457.4648611469313 1453.1261140621662 1454.7927610422666 1184.1804913783046 1415.0041359867018 1341.1611967920855 1445.1788845103733 1254.487654504671 1300.2054608191702 1275.35836121822 1091.9825190472097 1055.874773342811 1131.2815177867863 1274.3042811005912 1318.521283555935 1373.307878614936 1397.5110222158225 1049.4646129814553 1152.941545252657 1454.2023613582137 1452.574804958849 1456.9175792435324 1452.2981342214446 1455.7111136412195 1458.222664287174 1447.6777447557556 1448.301326815053 1449.6143918843686 1449.6143918843686 1449.6143918843686 1449.6143918843686 1449.6143918843686 1449.6143918843686 1449.6143918843686 1447.8388201041164 1454.317516512027
4 1450.3893318371827 1458.3365462213628 1444.402726274082 1443.0 1452.6130282949755 1457.7216651571757 1454.4880514013473 1455.0186937726194 1184.260415667069 1415.8998991826363 1342.4474676673804 1445.6386990176516 1253.6067952804747 1300.260704649579 1275.2512091240008 1093.3128869302768 1057.0980112125692 1130.6183019811192 1275.7070000427095 1319.3950745048437 1373.967706389335 1397.53271934917 1050.223565047814 1153.9023395801328 1454.808272905044 1453.9254889593099 1457.9284982834845 1451.9729861807539 1455.728040422626 1458.367297257488 1448.3207120764048 1446.918186953171 1450.4566296005635 1450.4566296005635 1450.4566296005635 1450.4566296005635 1450.4566296005635 1450.4566296005635 1450.4566296005635 1447.4444712846412 1455.4679318653898
5 1458.7065602217672 1457.87305701596 1451.660240758778 1452.6130282949755 1443.0 1464.3108997932982 1453.2109386444147 1461.9083248597015 1191.4292155011167 1421.6157621017053 1341.7884982866155 1451.1891505470578 1263.1424400233266 1307.5222245320444 1283.2381835647373 1091.4941667232029 1057.017114097115 1139.8988211801689 1272.2013328794776 1322.7663917833645 1378.822799836165 1400.9501744582421 1045.6808164801046 1157.808055785325 1460.0878188777854 1453.1311016182842 1460.190964429025 1460.6342794012116 1463.3079367735868 1465.3674145577893 1447.5333698282845 1456.0771374543515 1455.4426702118155 1455.4426702118155 1455.4426702118155 1455.4426702118155 1455.4426702118155 1455.4426702118155 1455.4426702118155 1456.3932834659765 1456.9377201148538
6 1450.7452437017823 1456.1824931253539 1457.4648611469313 1457.7216651571757 1464.3108997932982 1443.0 1457.1135923846482 1445.70729773021 1170.312065820602 1421.9481180574562 1341.3305590655457 1431.9444021464467 1256.1001126120414 1286.498550842849 1267.1683210049132 1092.3609259161028 1053.7683988816138 1130.2515066881022 1280.6079325925896 1311.9287047130038 1365.5738460839866 1411.9725380789694 1063.0820340852215 1153.779546970089 1447.5895415893094 1456.62675258453 1451.8601067713657 1450.2699867950362 1446.0000856654435 1444.3966373903058 1461.7330800457373 1458.370974529938 1451.8688950833798 1451.8688950833798 1451.8688950833798 1451.8688950833798 1451.8688950833798 1451.8688950833798 1451.8688950833798 1453.693610241635 1453.3422096285078
7 1455.2414039227533 1447.7167218489117 1453.1261140621662 1454.4880514013473 1453.2109386444147 1457.1135923846482 1443.0 1455.538849428875 1184.4220731831776 1418.6917057276003 1331.6338680493382 1442.882528948286 1261.7719733484166 1300.6116512570513 1277.9720462863297 1081.9536476459273 1046.8285384102705 1137.3996822530194 1266.6669992500936 1313.5156869951873 1370.687438980453 1406.0562059123092 1053.7289960853755 1150.8992647846999 1452.5374983093052 1443.647876531447 1450.406096542714 1457.0870872077942 1457.4660702334809 1458.4482287010517 1453.7700994424379 1458.1483168702005 1449.956488338235 1449.956488338235 1449.956488338235 1449.956488338235 1449.956488338235 1449.956488338235 1449.956488338235 1454.937534502568 1447.2755970343333
8 1448.1029220060668 1455.4870407222847 1454.7927610422666 1455.0186937726194 1461.9083248597015 1445.70729773021 1455.538849428875 1443.0 1172.5282280162814 1419.397749460421 1340.4166943265911 1434.1091374027326 1253.9403020642483 1288.6139847701966 1265.9043128275032 1091.5907466566998 1053.3106926287678 1128.2633199709223 1278.8665864945522 1311.827216856084 1365.070746000428 1409.2946932626974 1060.5464349655422 1151.8087098631092 1446.346562564782 1454.987631000327 1451.6540825625827 1447.9513809184914 1445.0129443608803 1446.4842682158526 1459.1333854165825 1455.7332978053605 1449.5512851411002 1449.5512851411002 1449.5512851411002 1449.5512851411002 1449.5512851411002 1449.5512851411002 1449.5512851411002 1451.0039575835958 1452.261497557091
9 303.94370011615393 310.2921884656421 311.1804913783046 311.26041566706897 318.4292155011167 297.312065820602 311.4220731831777 299.5282280162815 18.0 275.9200185703899 195.51475961072396 284.71126182672964 108.14837931577705 134.30371368095626 119.29046236164669 0.0 0.0 0.0 134.91986126959722 165.94226196597134 219.82016726163835 265.6499318400812 0.0 8.054764576714035 301.901486442436 310.9382377477706 305.84567431596867 302.876176203749 298.55474807206724 296.06843902496547 315.6171399588382 311.32463638868074 306.0256632249535 306.0256632249535 306.0256632249535 306.0256632249535 306.0256632249535 306.0256632249535 306.0256632249535 306.97784943663623 307.5944318012928
10 55.39119216871371 60.817444892394875 54.00413598670175 54.89989918263631 60.61576210170518 60.94811805745627 57.69170572760035 58.397749460420926 0.0 18.0 0.0 48.367482888607526 0.0 0.0 0.0 0.0 0.0 0.0 0.0 0.0 0.0 8.38118594807095 0.0 0.0 57.291109449185356 57.054475529761234 60.03172592328957 57.38971075212014 59.69649385087207 61.881824817762634 57.801961868658424 57.84070309347319 52.61029136304743 52.61029136304743 52.61029136304743 52.61029136304743 52.61029136304743 52.61029136304743 52.61029136304743 54.271489318727134 57.70594711894651
11 146.55569478116115 134.0863608976763 146.16119679208543 147.44746766738032 146.78849828661555 146.3305590655456 136.63386804933805 145.4166943265911 0.0 111.04091718918147 18.0 131.3593001824537 0.0 0.0 0.0 0.0 0.0 0.0 0.0 1.7028662525817992 59.765170677174524 99.45876579808362 0.0 0.0 142.09437875833197 136.90953667331564 138.02599054913557 148.15322939178313 147.42917520165307 147.7253601993296 147.33396208310876 150.84504180437804 141.43453217434137 141.43453217434137 141.43453217434137 141.43453217434137 141.43453217434137 141.43453217434137 141.43453217434137 147.00618909625314 136.17951773072585
12 42.16566141478261 43.98412403974525 48.17888451037339 48.63869901765159 54.189150547057906 34.94440214644671 45.882528948286044 37.10913740273248 0.0 12.367482888607526 0.0 18.0 0.0 0.0 0.0 0.0 0.0 0.0 0.0 0.0 0.0 2.6730934273184417 0.0 0.0 37.14696531948682 45.49742442097751 39.44414212653144 42.00597441531808 37.92290351094799 35.812854573675736 52.12538059267452 49.76066918784312 41.95702706634867 41.95702706634867 41.95702706634867 41.95702706634867 41.95702706634867 41.95702706634867 41.95702706634867 44.94381659326182 41.73357015693625
13 220.9300405677844 234.91372847959914 225.4876545046708 224.6067952804746 234.14244002332651 227.10011261204139 232.7719733484167 224.94030206424816 0.0 193.2675816155025 119.40247062217463 215.92972950203986 18.0 68.00824624997338 43.05864009565582 0.0 0.0 0.0 55.11710310728512 92.89206194588243 146.3328961724325 178.93877234057172 0.0 0.0 227.16174323302593 232.12413303095704 232.347318801565 220.01104574892884 224.14261346251928 226.93428260106717 229.9268743083292 222.36325529898022 226.00713745283835 226.00713745283835 226.00713745283835 226.00713745283835 226.00713745283835 226.00713745283835 226.00713745283835 221.09890184255394 231.43654106333412
14 187.92200151179185 194.53841990638767 195.20546081917018 195.26070464957905 202.5222245320444 181.49855084284908 195.6116512570514 183.61398477019665 0.0 159.9906000228725 79.7490305689613 169.00407533916106 0.0 18.0 3.2141609104437805 0.0 0.0 0.0 19.097145493825735 50.195543389148014 104.03612008372198 149.665790306688 0.0 0.0 186.0814757315728 195.12188505977073 190.10366630405846 186.80097051466484 182.53664898355603 180.19978408031335 199.6647396937974 195.25648040592287 190.13678647748242 190.13678647748242 190.13678647748242 190.13678647748242 190.13678647748242 190.13678647748242 190.13678647748242 190.95490586611882 191.81208116107055
15 202.86297234209695 213.31265244822072 210.35836121821984 210.25120912400078 218.23818356473723 202.16832100491314 212.97204628632974 200.90431282750328 0.0 175.63897779850126 98.18092292978264 191.10059518632065 7.058640095655818 43.21416091044378 18.0 0.0 0.0 0.0 36.13481908279164 69.7280294510245 122.97413335117704 164.73126228247435 0.0 0.0 204.20504697806552 212.38393861221607 209.55781571059168 201.5871871989067 199.18256754563959 201.8767625668849 214.958781206207 210.04256392966215 206.42035628699878 206.42035628699878 206.42035628699878 206.42035628699878 206.42035628699878 206.42035628699878 206.42035628699878 205.85406900911877 210.00493231967593
16 399.7942180876421 386.1870002286237 398.9825190472097 400.31288693027693 398.4941667232028 399.3609259161028 388.9536476459272 398.59074665669993 126.47888354311482 364.1001449578094 271.2490589143017 384.15808451027186 206.6253762389926 242.7246289415839 221.38426371751189 18.0 0.0 81.90895720523804 211.29443325486892 254.55380394912112 312.83145885834404 352.00882294575376 0.0 95.1456814945634 395.25204839129304 389.43421245444085 390.714370335333 401.401867629654 400.6033490898674 400.7574429135235 399.6522741159232 403.83505384414167 394.6356186938043 394.6356186938043 394.6356186938043 394.6356186938043 394.6356186938043 394.6356186938043 394.6356186938043 400.15488734098756 389.4085474020295
17 434.27109841602953 421.17800042444816 434.87477334281095 436.0980112125691 436.017114097115 432.76839888161396 425.8285384102706 432.31069262876787 159.78372205786707 399.4550020951548 307.2380618847565 417.344565306789 241.19405663219737 276.0411316309044 255.18310409633023 56.937213815846576 18.0 116.24697569461853 249.00724328342784 287.85228305877285 346.35783620322866 388.3899279181945 36.519392391973724 129.87219315057757 428.97811661764314 426.0306633134341 423.9381409319627 435.6754713485751 434.3020899172114 434.1570992085243 436.4024537798465 439.29317070882854 429.4880098018499 429.4880098018499 429.4880098018499 429.4880098018499 429.4880098018499 429.4880098018499 429.4880098018499 435.1448449975561 423.83123087270917
18 344.1663115582011 358.076730926802 350.28151778678614 349.61830198111915 358.89882118016885 349.2515066881022 356.3996822530194 347.2633199709224 74.17016833685659 317.25844074345133 242.6634352547855 338.1296572086766 143.98327910290004 190.02717357982795 165.1422769275876 0.0 0.0 18.0 178.99757219738262 215.57218070171484 268.91382700980733 304.0921576907705 0.0 52.7983495498155 349.8074349347829 355.7556743429153 355.14973597129665 342.5893141949173 346.26334623025105 349.00449509967103 354.8906201348366 347.98859499536684 349.46725746982725 349.46725746982725 349.46725746982725 349.46725746982725 349.46725746982725 349.46725746982725 349.46725746982725 345.51479500978957 354.5892071066251
19 210.91667435129528 203.83322764145905 207.30428110059114 208.7070000427095 205.20133287947758 213.6079325925896 199.66699925009362 211.86658649455214 0.0 173.84961976584304 87.77688531996264 199.51180187017758 17.117103107285118 57.097145493825735 34.13481908279164 0.0 0.0 0.0 18.0 70.18230906387407 127.2636146792045 159.47134394916307 0.0 0.0 209.01839594122276 200.017070930555 207.04130394918906 212.85424829501545 213.73150970474572 214.9148181402994 206.74561034517592 212.57124160110556 205.81607764258007 205.81607764258007 205.81607764258007 205.81607764258007 205.81607764258007 205.81607764258007 205.81607764258007 210.0862991330628 203.94227808431785
20 166.0924068982577 162.36819629094455 169.52128355593507 170.39507450484365 173.76639178336444 162.92870471300373 164.51568699518717 162.8272168560842 0.0 133.5303566564951 47.7028662525818 147.65649405550823 0.0 6.195543389148014 0.0 0.0 0.0 0.0 0.0 18.0 76.75976538857924 123.75594700397443 0.0 0.0 159.76523531801135 164.23012156653837 157.93175490163736 167.004150535139 164.72772599249083 164.31173056589301 172.59020762377614 172.68115598512287 162.93928043820108 162.93928043820108 162.93928043820108 162.93928043820108 162.93928043820108 162.93928043820108 162.93928043820108 167.92785030925523 160.2466001695474
21 107.68470923327617 108.66800974849475 112.30787861493604 112.967706389335 117.8227998361649 104.57384608398665 109.68743898045298 104.07074600042793 0.0 76.34937512631933 0.0 90.38947149438289 0.0 0.0 0.0 0.0 0.0 0.0 0.0 0.0 18.0 66.73047059054497 0.0 0.0 101.24720808207772 109.24965610171535 104.59542816285925 108.37701235524933 105.9987126952372 105.96478733904236 115.95810176681425 114.75506862064694 105.79813004338467 105.79813004338467 105.79813004338467 105.79813004338467 105.79813004338467 105.79813004338467 105.79813004338467 109.89314469721332 105.77601177284119
22 77.87091224322964 83.46221431035327 70.51102221582262 70.53271934916998 73.95017445824203 84.97253807896925 79.05620591230922 82.29469326269736 0.0 42.38118594807095 0.0 72.67309342731843 0.0 0.0 0.0 0.0 0.0 0.0 0.0 0.0 0.730470590544968 18.0 0.0 0.0 81.65697311862174 78.61519130277242 83.9557279112399 79.50157018138121 83.15051927957737 85.71042428701178 69.42970389142381 73.23536085563619 76.96356507481133 76.96356507481133 76.96356507481133 76.96356507481133 76.96356507481133 76.96356507481133 76.96356507481133 74.9709867017829 81.10704182314635
23 431.85480873198907 433.43816757261044 424.4646129814553 425.223565047814 420.6808164801045 438.08203408522155 428.72899608537534 435.5464349655422 165.06486472971392 395.1492657628905 317.35988837003964 425.2795645867109 235.82742028885315 281.1295132028324 256.5643568431551 67.43157866195162 32.519392391973724 112.73619768645199 248.25759936484616 297.36394868686267 353.00899753071883 373.29949136526636 18.0 132.01915479557528 434.1326010612052 428.48938153562926 435.078130606129 433.7044981135979 436.7635850785504 439.03067961336484 419.93688538638713 428.49196249516746 429.33559919016193 429.33559919016193 429.33559919016193 429.33559919016193 429.33559919016193 429.33559919016193 429.33559919016193 429.29919505982616 431.90394940295744
24 322.65680741797445 323.4611272606758 323.9415452526571 324.90233958013283 328.8080557853251 324.7795469700891 321.8992647846999 322.8087098631092 52.054764576714035 288.00257442154424 207.91708262203076 311.38124325449456 129.48561034512318 168.20280562002034 145.09015318902823 0.0 0.0 4.798349549815498 145.07793166596502 183.61364765549104 239.0233862085251 278.1424815907409 0.0 18.0 320.31701158210166 321.29885166805036 322.03267942128537 324.35048986587014 324.6535792016945 326.0031447555256 327.074065062117 327.6218066151524 317.6284240848133 317.6284240848133 317.6284240848133 317.6284240848133 317.6284240848133 317.6284240848133 317.6284240848133 323.27762083376155 320.04224751839865
25 1449.4575032326743 1452.141056667585 1454.2023613582137 1454.808272905044 1460.0878188777854 1447.5895415893094 1452.5374983093052 1446.346562564782 1174.901486442436 1418.2911094491853 1337.094378758332 1434.1469653194868 1256.1617432330258 1291.0814757315727 1269.2050469780654 1088.252048391293 1049.978116617643 1130.8074349347828 1276.0183959412227 1308.7652353180113 1362.2472080820778 1408.6569731186216 1059.1326010612052 1149.3170115821017 1443.0 1452.0407735288525 1448.4372772598058 1450.2436813844895 1448.3554990430398 1448.91080163768 1457.9975615351295 1456.5155813045537 1447.8172108112476 1447.8172108112476 1447.8172108112476 1447.8172108112476 1447.8172108112476 1447.8172108112476 1447.8172108112476 1451.6499433524157 1448.9656952654323
26 1454.5988986546138 1447.9699658952552 1452.574804958849 1453.9254889593099 1453.1311016182842 1456.62675258453 1443.647876531447 1454.987631000327 1183.9382377477705 1418.0544755297612 1331.9095366733156 1442.4974244209775 1261.124133030957 1300.1218850597706 1277.383938612216 1082.4342124544407 1047.0306633134342 1136.7556743429154 1267.017070930555 1313.2301215665384 1370.2496561017153 1405.6151913027725 1053.4893815356293 1150.2988516680502 1452.0407735288525 1443.0 1450.2465513176958 1456.4506449659486 1456.8998130922685 1457.9489197603039 1453.4249800959042 1457.5534562218052 1449.3189412087786 1449.3189412087786 1449.3189412087786 1449.3189412087786 1449.3189412087786 1449.3189412087786 1449.3189412087786 1454.2949996901284 1447.034974349361
27 1454.4579965089888 1447.5464620310743 1456.9175792435324 1457.9284982834845 1460.190964429025 1451.8601067713657 1450.406096542714 1451.6540825625827 1178.8456743159686 1421.0317259232895 1333.0259905491355 1436.4441421265315 1261.347318801565 1295.1036663040584 1274.5578157105917 1083.7143703353331 1044.9381409319626 1136.1497359712966 1274.0413039491891 1306.9317549016373 1365.5954281628592 1410.9557279112398 1060.078130606129 1151.0326794212854 1448.4372772598058 1450.2465513176958 1443.0 1455.5626395315635 1453.5939742306653 1453.2417361809412 1459.511347007437 1460.5602519913582 1450.5719144210696 1450.5719144210696 1450.5719144210696 1450.5719144210696 1450.5719144210696 1450.5719144210696 1450.5719144210696 1455.9635600048753 1446.2578962537195
28 1444.9985925047392 1458.5324252130824 1452.2981342214446 1451.9729861807539 1460.6342794012116 1450.2699867950362 1457.0870872077942 1447.9513809184914 1175.876176203749 1418.3897107521202 1343.153229391783 1439.0059744153182 1249.0110457489288 1291.8009705146649 1266.5871871989066 1094.401867629654 1056.6754713485752 1123.5893141949173 1279.8542482950154 1316.004150535139 1369.3770123552492 1406.501570181381 1058.704498113598 1153.3504898658703 1450.2436813844895 1456.4506449659486 1455.5626395315635 1443.0 1447.4602791392467 1450.33533693841 1456.9735334114175 1451.4577435525086 1450.131846885625 1450.131846885625 1450.131846885625 1450.131846885625 1450.131846885625 1450.131846885625 1450.131846885625 1447.530699725208 1455.0498647295312
29 1448.3891136562518 1457.4964405631176 1455.7111136412195 1455.728040422626 1463.3079367735868 1446.0000856654435 1457.4660702334809 1445.0129443608803 1171.5547480720672 1420.696493850872 1342.4291752016532 1434.922903510948 1253.1426134625192 1287.536648983556 1264.1825675456396 1093.6033490898674 1055.3020899172113 1127.263346230251 1280.7315097047458 1313.7277259924908 1366.9987126952371 1410.1505192795773 1061.7635850785505 1153.6535792016946 1448.3554990430398 1456.8998130922685 1453.5939742306653 1447.4602791392467 1443.0 1445.8752895506366 1460.2316305090378 1455.831879207661 1451.1852629768382 1451.1852629768382 1451.1852629768382 1451.1852629768382 1451.1852629768382 1451.1852629768382 1451.1852629768382 1451.4232137572308 1454.2714919154475
30 1451.1521081935903 1457.578659780652 1458.222664287174 1458.367297257488 1465.3674145577893 1444.3966373903058 1458.4482287010517 1446.4842682158526 1169.0684390249655 1422.8818248177627 1342.7253601993295 1432.8128545736758 1255.9342826010673 1285.1997840803133 1266.876762566885 1093.7574429135236 1055.1570992085244 1130.004495099671 1281.9148181402993 1313.311730565893 1366.9647873390425 1412.7104242870118 1064.0306796133648 1155.0031447555257 1448.91080163768 1457.9489197603039 1453.2417361809412 1450.33533693841 1445.8752895506366 1443.0 1462.6096552748895 1458.6831609696515 1452.957682059596 1452.957682059596 1452.957682059596 1452.957682059596 1452.957682059596 1452.957682059596 1452.957682059596 1454.1722617226774 1454.7256740531195
31 1455.1780720970112 1458.3859095603736 1447.6777447557556 1448.3207120764048 1447.5333698282845 1461.7330800457373 1453.7700994424379 1459.1333854165825 1188.6171399588382 1418.8019618686585 1342.3339620831089 1449.1253805926744 1258.9268743083292 1304.6647396937974 1279.958781206207 1092.6522741159233 1057.4024537798464 1135.8906201348366 1273.745610345176 1321.5902076237762 1376.9581017668143 1396.4297038914237 1044.936885386387 1156.074065062117 1457.9975615351295 1453.4249800959042 1459.511347007437 1456.9735334114175 1460.2316305090378 1462.6096552748895 1443.0 1451.5642770856623 1453.1824242692985 1453.1824242692985 1453.1824242692985 1453.1824242692985 1453.1824242692985 1453.1824242692985 1453.1824242692985 1452.5088255846872 1456.4516082309885
32 1450.6322910059823 1461.6510169427836 1448.301326815053 1446.918186953171 1456.0771374543515 1458.370974529938 1458.1483168702005 1455.7332978053605 1184.3246363886808 1418.8407030934732 1345.845041804378 1446.7606691878432 1251.3632552989802 1300.256480405923 1275.0425639296623 1096.8350538441416 1060.2931707088285 1128.9885949953668 1279.5712416011056 1321.6811559851228 1375.7550686206469 1400.2353608556361 1053.4919624951674 1156.6218066151523 1456.5155813045537 1457.5534562218052 1460.5602519913582 1451.4577435525086 1455.831879207661 1458.6831609696515 1451.5642770856623 1443.0 1453.0163746934707 1453.0163746934707 1453.0163746934707 1453.0163746934707 1453.0163746934707 1453.0163746934707 1453.0163746934707 1447.8768598503545 1458.520043878804
33 485.30114138653175 489.03699756556347 486.6143918843685 487.45662960056353 492.4426702118155 488.86889508337987 486.95648833823503 486.55128514110015 216.02566322495352 450.61029136304745 373.43453217434137 475.95702706634864 292.0071374528383 332.1367864774824 308.4203562869988 124.6356186938043 87.4880098018499 167.46725746982725 309.81607764258007 348.9392804382011 403.7981300433847 440.9635650748113 91.33559919016193 183.62842408481328 484.81721081124755 486.3189412087786 487.5719144210695 487.13184688562507 488.1852629768383 489.957682059596 490.18242426929856 490.0163746934707 480.0 480.0 480.0 480.0 480.0 480.0 480.0 485.65685424949237 485.65685424949237
34 485.30114138653175 489.03699756556347 486.6143918843685 487.45662960056353 492.4426702118155 488.86889508337987 486.95648833823503 486.55128514110015 216.02566322495352 450.61029136304745 373.43453217434137 475.95702706634864 292.0071374528383 332.1367864774824 308.4203562869988 124.6356186938043 87.4880098018499 167.46725746982725 309.81607764258007 348.9392804382011 403.7981300433847 440.9635650748113 91.33559919016193 183.62842408481328 484.81721081124755 486.3189412087786 487.5719144210695 487.13184688562507 488.1852629768383 489.957682059596 490.18242426929856 490.0163746934707 480.0 480.0 480.0 480.0 480.0 480.0 480.0 485.65685424949237 485.65685424949237
35 485.30114138653175 489.03699756556347 486.6143918843685 487.45662960056353 492.4426702118155 488.86889508337987 486.95648833823503 486.55128514110015 216.02566322495352 450.61029136304745 373.43453217434137 475.95702706634864 292.0071374528383 332.1367864774824 308.4203562869988 124.6356186938043 87.4880098018499 167.46725746982725 309.81607764258007 348.9392804382011 403.7981300433847 440.9635650748113 91.33559919016193 183.62842408481328 484.81721081124755 486.3189412087786 487.5719144210695 487.13184688562507 488.1852629768383 489.957682059596 490.18242426929856 490.0163746934707 480.0 480.0 480.0 480.0 480.0 480.0 480.0 485.65685424949237 485.65685424949237
36 485.30114138653175 489.03699756556347 486.6143918843685 487.45662960056353 492.4426702118155 488.86889508337987 486.95648833823503 486.55128514110015 216.02566322495352 450.61029136304745 373.43453217434137 475.95702706634864 292.0071374528383 332.1367864774824 308.4203562869988 124.6356186938043 87.4880098018499 167.46725746982725 309.81607764258007 348.9392804382011 403.7981300433847 440.9635650748113 91.33559919016193 183.62842408481328 484.81721081124755 486.3189412087786 487.5719144210695 487.13184688562507 488.1852629768383 489.957682059596 490.18242426929856 490.0163746934707 480.0 480.0 480.0 480.0 480.0 480.0 480.0 485.65685424949237 485.65685424949237
37 485.30114138653175 489.03699756556347 486.6143918843685 487.45662960056353 492.4426702118155 488.86889508337987 486.95648833823503 486.55128514110015 216.02566322495352 450.61029136304745 373.43453217434137 475.95702706634864 292.0071374528383 332.1367864774824 308.4203562869988 124.6356186938043 87.4880098018499 167.46725746982725 309.81607764258007 348.9392804382011 403.7981300433847 440.9635650748113 91.33559919016193 183.62842408481328 484.81721081124755 486.3189412087786 487.5719144210695 487.13184688562507 488.1852629768383 489.957682059596 490.18242426929856 490.0163746934707 480.0 480.0 480.0 480.0 480.0 480.0 480.0 485.65685424949237 485.65685424949237
38 485.30114138653175 489.03699756556347 486.6143918843685 487.45662960056353 492.4426702118155 488.86889508337987 486.95648833823503 486.55128514110015 216.02566322495352 450.61029136304745 373.43453217434137 475.95702706634864 292.0071374528383 332.1367864774824 308.4203562869988 124.6356186938043 87.4880098018499 167.46725746982725 309.81607764258007 348.9392804382011 403.7981300433847 440.9635650748113 91.33559919016193 183.62842408481328 484.81721081124755 486.3189412087786 487.5719144210695 487.13184688562507 488.1852629768383 489.957682059596 490.18242426929856 490.0163746934707 480.0 480.0 480.0 480.0 480.0 480.0 480.0 485.65685424949237 485.65685424949237
39 485.30114138653175 489.03699756556347 486.6143918843685 487.45662960056353 492.4426702118155 488.86889508337987 486.95648833823503 486.55128514110015 216.02566322495352 450.61029136304745 373.43453217434137 475.95702706634864 292.0071374528383 332.1367864774824 308.4203562869988 124.6356186938043 87.4880098018499 167.46725746982725 309.81607764258007 348.9392804382011 403.7981300433847 440.9635650748113 91.33559919016193 183.62842408481328 484.81721081124755 486.3189412087786 487.5719144210695 487.13184688562507 488.1852629768383 489.957682059596 490.18242426929856 490.0163746934707 480.0 480.0 480.0 480.0 480.0 480.0 480.0 485.65685424949237 485.65685424949237
40 483.0341555662161 494.6684465776032 484.8388201041163 484.44447128464117 493.39328346597654 490.69361024163493 491.9375345025679 488.00395758359576 216.97784943663623 452.27148931872716 379.00618909625314 478.94381659326183 287.09890184255397 332.95490586611885 307.8540690091188 130.15488734098756 93.1448449975561 163.51479500978957 314.08629913306277 353.92785030925523 407.8931446972133 438.9709867017829 91.29919505982616 189.27762083376155 488.6499433524157 491.29499969012835 492.9635600048752 484.530699725208 488.42321375723066 491.17226172267726 489.5088255846871 484.87685985035455 485.65685424949237 485.65685424949237 485.65685424949237 485.65685424949237 485.65685424949237 485.65685424949237 485.65685424949237 480.0 491.31370849898474
41 490.53556358245726 483.4887426101677 491.3175165120268 492.4679318653897 493.9377201148538 490.3422096285078 484.2755970343333 489.2614975570909 217.59443180129279 455.7059471189465 368.1795177307258 475.73357015693625 297.4365410633341 333.8120811610705 312.00493231967596 119.40854740202951 81.83123087270917 172.5892071066251 307.9422780843179 346.2466001695474 403.7760117728412 445.10704182314635 93.90394940295744 186.04224751839865 485.9656952654322 484.0349743493608 483.2578962537196 492.0498647295312 491.2714919154476 491.7256740531195 493.4516082309886 495.52004387880396 485.65685424949237 485.65685424949237 485.65685424949237 485.65685424949237 485.65685424949237 485.65685424949237 485.65685424949237 491.31370849898474 480.0
;
param G:
 1 2 3 4 5 6 7 8 9 10 11 12 13 14 15 16 17 18 19 20 21 22 23 24 25 26 27 28 29 30 31 32 33 34 35 36 37 38 39 40 41:=
1 3.0 3.0 3.0 3.0 3.0 3.0 3.0 3.0 3.0 3.0 3.0 3.0 3.0 3.0 3.0 3.0 2.0 2.0 2.0 2.0 2.0 2.0 2.0 2.0 2.0 2.0 2.0 2.0 2.0 2.0 2.0 2.0 3.0 3.0 3.0 3.0 3.0 3.0 3.0 3.0 3.0
2 3.0 3.0 3.0 3.0 3.0 3.0 3.0 3.0 3.0 3.0 3.0 3.0 3.0 3.0 3.0 3.0 2.0 2.0 2.0 2.0 2.0 2.0 2.0 2.0 2.0 2.0 2.0 2.0 2.0 2.0 2.0 2.0 3.0 3.0 3.0 3.0 3.0 3.0 3.0 3.0 3.0
;
