param n := 16;
param numVehicles := 4;
set Origin := 33 35 36 37 38;
set S := 43 44 45;
set F := 34 39 40 41 42;
param t:
 1 2 3 4 5 6 7 8 9 10 11 12 13 14 15 16 17 18 19 20 21 22 23 24 25 26 27 28 29 30 31 32 33 34 35 36 37 38 39 40 41 42 43 44 45:=
1 0.0 12.490050480282294 7.291623207489537 3.8440724498895698 2.8784134518862983 18.50310854964646 5.419690397061441 11.995992039010364 12.01330666386237 17.93024152096117 11.222417297534431 11.741995784363068 13.342043621574621 4.34112543011602 12.071934062112833 11.853986755518163 9.334626398522868 12.27739829931407 13.669395048794224 1.5426305455292917 9.477394156623435 7.288939086039889 11.272176054338399 8.660259176260258 8.417492797739717 14.251714177599832 4.181160126089409 5.307402095187437 11.445308995391954 11.846715705207076 8.198294700728928 12.694857068907865 6.343315379200376 6.343315379200376 6.343315379200376 6.343315379200376 6.343315379200376 6.343315379200376 6.343315379200376 6.343315379200376 6.343315379200376 6.343315379200376 6.343315379200376 11.411470106870542 3.775400640991629
2 12.490050480282294 0.0 8.00232466224659 14.952533564583629 13.947975659571535 16.04267175379463 14.784957253911827 0.8794202635827764 1.8808896831021213 15.581891156082435 21.595597167015313 1.470941195289601 11.553078594037174 11.13399896712767 14.743334120883242 15.077608066268336 11.494751019487111 0.673465663564223 7.072739356147658 13.124085491949526 3.146671415956867 9.144266947109537 6.0138521764340025 18.234021498287206 17.645983622343074 4.550757739102357 8.75964822353044 10.780943372451224 3.6450137173953125 4.6383949810252245 18.521964177699946 6.773506403628773 8.37944801284667 8.37944801284667 8.37944801284667 8.37944801284667 8.37944801284667 8.37944801284667 8.37944801284667 8.37944801284667 8.37944801284667 8.37944801284667 8.37944801284667 10.948568353899063 9.195604874068914
3 7.291623207489537 8.00232466224659 0.0 8.013219328085311 7.2470298053754405 20.556274492232294 7.189964742611747 8.012913827066907 8.666930829307454 20.001508043145147 18.422182959682058 6.674001198681342 15.225013136283332 3.8162176300625203 16.179765294960244 16.219406431802614 12.688744185300608 8.186099681777641 12.874916465748429 8.64168710380097 5.126342653393353 9.718230806067533 10.636789459230638 15.581043482385898 15.207165482100864 11.741867824158131 6.286777632460051 9.48122460444852 5.2632489015816075 10.216865468430129 15.320236975973968 12.086000372331618 8.286625187614074 8.286625187614074 8.286625187614074 8.286625187614074 8.286625187614074 8.286625187614074 8.286625187614074 8.286625187614074 8.286625187614074 8.286625187614074 8.286625187614074 13.699202787023777 3.6970470648884093
4 3.8440724498895698 14.952533564583629 8.013219328085311 0.0 1.083441276673545 22.345374577303463 2.188375881789964 14.624605293819043 14.857588296893947 21.772827285403245 12.79782329148203 13.933506378510758 17.180112368666276 4.197004288775507 15.786429140245744 15.524710399875419 13.168626845650993 14.879865053151523 17.214377072668064 4.904504052399182 11.808677868415245 11.093006896238727 14.779189490631751 11.032615283784711 10.991864718963749 17.42355187669839 7.664623213178844 9.149302049883369 13.07117152362404 15.160561731017753 10.21744904562778 16.250018861527515 10.05157286199528 10.05157286199528 10.05157286199528 10.05157286199528 10.05157286199528 10.05157286199528 10.05157286199528 10.05157286199528 10.05157286199528 10.05157286199528 10.05157286199528 15.253134661439267 5.780148527503424
5 2.8784134518862983 13.947975659571535 7.2470298053754405 1.083441276673545 0.0 21.365310060937563 2.6455373745233692 13.598600847146002 13.80872829046904 20.79164065195433 12.668048705305802 12.963297458594399 16.16773280333393 3.470629049610459 14.923942910638594 14.686829542144213 12.208839174958444 13.857554365760214 16.132418324603414 4.103355334357481 10.810066789802919 10.057948548287566 13.69655025909809 10.64824046497824 10.544756090114175 16.350284309454686 6.586041299597201 8.175788463506134 12.188357149345435 14.07930143863679 9.929249921318327 15.168641995907214 8.99032958239018 8.99032958239018 8.99032958239018 8.99032958239018 8.99032958239018 8.99032958239018 8.99032958239018 8.99032958239018 8.99032958239018 8.99032958239018 8.99032958239018 14.249000877254517 4.755841250504478
6 18.50310854964646 16.04267175379463 20.556274492232294 22.345374577303463 21.365310060937563 0.0 23.73410310081255 15.254739361916348 14.186249151907631 0.5755423529159257 18.543732202552967 17.13587187743886 5.381796911813005 21.046746066791417 7.546379926825842 8.09201211071758 9.194234932826113 15.379197800925768 9.000319383221909 17.606772248200407 16.58083188504123 11.480429129610094 10.371805676930126 15.944649541460608 15.333788996852668 12.012963206469918 15.342022617634221 13.196113253530374 19.14071106307182 11.475831690993031 17.094743344080953 9.29384323087064 12.799782029394095 12.799782029394095 12.799782029394095 12.799782029394095 12.799782029394095 12.799782029394095 12.799782029394095 12.799782029394095 12.799782029394095 12.799782029394095 12.799782029394095 7.174010036234964 18.444576980782184
7 5.419690397061441 14.784957253911827 7.189964742611747 2.188375881789964 2.6455373745233692 23.73410310081255 0.0 14.581348943084793 14.966340801946211 23.158780300352607 14.983051291375865 13.616950943584984 18.45846158269968 3.654090584536732 17.489248468702137 17.27340528095141 14.648818177586886 14.81128370533763 17.924450479721827 6.738101587242507 11.662109757672495 12.302539778435996 15.48140707429399 13.18852050079917 13.123154079717269 17.749023550606946 8.585288346933956 10.614431920738857 12.440318082750133 15.657088650192922 12.396730214052413 16.98531436270757 11.110127362006251 11.110127362006251 11.110127362006251 11.110127362006251 11.110127362006251 11.110127362006251 11.110127362006251 11.110127362006251 11.110127362006251 11.110127362006251 11.110127362006251 16.57356117435236 6.015557330788228
8 11.995992039010364 0.8794202635827764 8.012913827066907 14.624605293819043 13.598600847146002 15.254739361916348 14.581348943084793 0.0 1.070940707975936 14.785554571946227 20.847477665175706 1.9616197388892682 10.698574531216762 10.928475511250415 13.864674139697623 14.200788041513752 10.6259336060414 0.29703871801500886 6.323334088912272 12.550724281889073 2.9433662701063894 8.316931285035364 5.150633553263132 17.472671232527667 16.8763314141433 4.0327191818920385 8.147405783438064 10.021870883223352 4.146500331604955 3.8069431306495765 17.791743394057818 5.966831403684874 7.604973701466693 7.604973701466693 7.604973701466693 7.604973701466693 7.604973701466693 7.604973701466693 7.604973701466693 7.604973701466693 7.604973701466693 7.604973701466693 7.604973701466693 10.071128288329964 8.845542662833072
9 12.01330666386237 1.8808896831021213 8.666930829307454 14.857588296893947 13.80872829046904 14.186249151907631 14.966340801946211 1.070940707975936 0.0 13.719024236438974 20.38655402465066 3.012654975266832 9.677178152746801 11.331802372085388 12.982747205426131 13.341929732988405 9.830920455379546 1.2075769126643654 5.253878186635088 12.440295896802455 3.541490787789797 7.698406328585158 4.152069363582453 16.98903887805311 16.37514274746941 3.127594922620255 8.010228523581585 9.57293236161209 5.16966584993653 2.7575224387119683 17.37457524660675 4.902414201187003 7.141130232673257 7.141130232673257 7.141130232673257 7.141130232673257 7.141130232673257 7.141130232673257 7.141130232673257 7.141130232673257 7.141130232673257 7.141130232673257 7.141130232673257 9.128183882898066 9.092180211588419
10 17.93024152096117 15.581891156082435 20.001508043145147 21.772827285403245 20.79164065195433 0.5755423529159257 23.158780300352607 14.785554571946227 13.719024236438974 0.0 18.11132720150569 16.654955778986626 4.813280066648937 20.473267863240594 7.054920339734531 7.611306129699422 8.62540903377921 14.916016894600247 8.562806198904656 17.039262190599686 16.062306839305492 10.90534960466651 9.863857764586834 15.466909710734074 14.849981885510836 11.61259213095853 14.767848489201125 12.62352629022493 18.64403156508806 10.996268457981554 16.60775327971848 8.819519091197659 12.226452347267378 12.226452347267378 12.226452347267378 12.226452347267378 12.226452347267378 12.226452347267378 12.226452347267378 12.226452347267378 12.226452347267378 12.226452347267378 12.226452347267378 6.59864660366048 17.872608567302088
11 11.222417297534431 21.595597167015313 18.422182959682058 12.79782329148203 12.668048705305802 18.543732202552967 14.983051291375865 20.847477665175706 20.38655402465066 18.11132720150569 0.0 21.377063713241814 15.567711264023366 15.481175278382452 11.208486516921006 10.60764101956698 11.829233280310266 21.142747243440244 19.15821215562663 9.787651046088637 19.19853041250814 12.80632831845256 17.530872910382982 3.4164035183215686 4.067915067943281 21.31344798478181 13.190570647246462 10.827340993983702 21.786005967134038 18.827596899232784 3.1524139956547574 18.339130022986367 13.25419933455054 13.25419933455054 13.25419933455054 13.25419933455054 13.25419933455054 13.25419933455054 13.25419933455054 13.25419933455054 13.25419933455054 13.25419933455054 13.25419933455054 14.065909142319951 14.747806616578615
12 11.741995784363068 1.470941195289601 6.674001198681342 13.933506378510758 12.963297458594399 17.13587187743886 13.616950943584984 1.9616197388892682 3.012654975266832 16.654955778986626 21.377063713241814 0.0 12.430823343608418 9.987263138618106 15.269305321461093 15.555570738484654 11.889300441994052 1.9489915341016744 8.257423448025419 12.519730668029565 2.275514227597797 9.306145603846954 6.88395424156785 18.069643493992903 17.51172892663657 5.953677854906158 8.292143570874783 10.662944058748502 2.2019411890420684 5.660043816084818 18.260525868659972 7.84350361764435 8.349556215751829 8.349556215751829 8.349556215751829 8.349556215751829 8.349556215751829 8.349556215751829 8.349556215751829 8.349556215751829 8.349556215751829 8.349556215751829 8.349556215751829 11.631469769551913 8.254640452497007
13 13.342043621574621 11.553078594037174 15.225013136283332 17.180112368666276 16.16773280333393 5.381796911813005 18.45846158269968 10.698574531216762 9.677178152746801 4.813280066648937 15.567711264023366 12.430823343608418 0.0 15.679881185774336 4.743255422175787 5.329710123449492 4.340080414001565 10.880492130413955 5.176425890515579 12.594471366436942 11.534616075101937 6.158197869506955 5.555962652862238 12.458887951980305 11.786524890738578 8.323193918202314 9.986825121128337 8.08543659921961 14.267529078295231 6.933613848491996 13.437612436738902 4.968314402289774 7.435876948954978 7.435876948954978 7.435876948954978 7.435876948954978 7.435876948954978 7.435876948954978 7.435876948954978 7.435876948954978 7.435876948954978 7.435876948954978 7.435876948954978 1.9504527679490218 13.068292390362254
14 4.34112543011602 11.13399896712767 3.8162176300625203 4.197004288775507 3.470629049610459 21.046746066791417 3.654090584536732 10.928475511250415 11.331802372085388 20.473267863240594 15.481175278382452 9.987263138618106 15.679881185774336 0.0 15.481624268790403 15.376986570846707 12.28079883395213 11.157414261377946 14.555124080542907 5.875503467788953 8.008131492426932 9.591249188713638 12.132528219625124 13.001384580112997 12.75062841588602 14.167155148441058 5.711865719710155 8.418899037285101 8.935812218259736 12.167783734107047 12.512888155817585 13.644500503866016 8.247040923870816 8.247040923870816 8.247040923870816 8.247040923870816 8.247040923870816 8.247040923870816 8.247040923870816 8.247040923870816 8.247040923870816 8.247040923870816 8.247040923870816 13.892072703524121 2.652863358712619
15 12.071934062112833 14.743334120883242 16.179765294960244 15.786429140245744 14.923942910638594 7.546379926825842 17.489248468702137 13.864674139697623 12.982747205426131 7.054920339734531 11.208486516921006 15.269305321461093 4.743255422175787 15.481624268790403 0.0 0.6111579173994228 3.545081381294371 14.105505910813692 9.509219789236129 10.88552511365437 13.787215527437002 6.520874557910158 8.966790116870138 8.419325210490447 7.796489274025842 12.439285550223534 10.02710506577048 7.063002831657368 16.714353412561312 10.484594651201352 9.552889615189741 9.007908747317549 7.922120044533534 7.922120044533534 7.922120044533534 7.922120044533534 7.922120044533534 7.922120044533534 7.922120044533534 7.922120044533534 7.922120044533534 7.922120044533534 7.922120044533534 4.020943421636271 13.16632013889986
16 11.853986755518163 15.077608066268336 16.219406431802614 15.524710399875419 14.686829542144213 8.09201211071758 17.27340528095141 14.200788041513752 13.341929732988405 7.611306129699422 10.60764101956698 15.555570738484654 5.329710123449492 15.376986570846707 0.6111579173994228 0.0 3.7155123469045295 14.447709334008628 10.017984877209589 10.620249385019166 14.009002890998346 6.640066038828229 9.375325967666404 7.855609269814786 7.241777475178314 12.905623929124854 10.011890630645144 6.96854540058397 16.942595078676703 10.892575315323738 9.003402134748843 9.485257297511755 8.010615457004537 8.010615457004537 8.010615457004537 8.010615457004537 8.010615457004537 8.010615457004537 8.010615457004537 8.010615457004537 8.010615457004537 8.010615457004537 8.010615457004537 4.498217424713928 13.118916113764888
17 9.334626398522868 11.494751019487111 12.688744185300608 13.168626845650993 12.208839174958444 9.194234932826113 14.648818177586886 10.6259336060414 9.830920455379546 8.62540903377921 11.829233280310266 11.889300441994052 4.340080414001565 12.28079883395213 3.545081381294371 3.7155123469045295 0.0 10.88575165066703 7.373417186081363 8.415138085616896 10.295642282053121 2.9855641008023923 6.113314403823837 8.52464245584529 7.843582408568167 9.857723723050874 6.658472046948909 4.037994180283077 13.230324561400598 7.587478698487397 9.372580541131668 6.620974701658359 4.40496083978053 4.40496083978053 4.40496083978053 4.40496083978053 4.40496083978053 4.40496083978053 4.40496083978053 4.40496083978053 4.40496083978053 4.40496083978053 4.40496083978053 2.455133397597776 9.837666389952446
18 12.27739829931407 0.673465663564223 8.186099681777641 14.879865053151523 13.857554365760214 15.379197800925768 14.81128370533763 0.29703871801500886 1.2075769126643654 14.916016894600247 21.142747243440244 1.9489915341016744 10.880492130413955 11.157414261377946 14.105505910813692 14.447709334008628 10.88575165066703 0.0 6.420259340556268 12.841238569546164 3.1562270197183215 8.60019592800071 5.344272635261042 17.76694031058809 17.169779788919836 4.00503083633572 8.440582977496282 10.316716531920415 4.150482983942952 3.965092684919232 18.088071898353345 6.104071510066048 7.898620449167057 7.898620449167057 7.898620449167057 7.898620449167057 7.898620449167057 7.898620449167057 7.898620449167057 7.898620449167057 7.898620449167057 7.898620449167057 7.898620449167057 10.291559891483896 9.102758098510582
19 13.669395048794224 7.072739356147658 12.874916465748429 17.214377072668064 16.132418324603414 9.000319383221909 17.924450479721827 6.323334088912272 5.253878186635088 8.562806198904656 19.15821215562663 8.257423448025419 5.176425890515579 14.555124080542907 9.509219789236129 10.017984877209589 7.373417186081363 6.420259340556268 0.0 13.49074890434182 8.14672332904463 6.92301090566814 2.444835372780753 15.796960024004619 15.121374011643255 3.180016666622991 9.559287055005724 9.336321866773876 10.366273824282281 2.7343829285599344 16.524786503915866 0.9760414950195508 7.398560468091073 7.398560468091073 7.398560468091073 7.398560468091073 7.398560468091073 7.398560468091073 7.398560468091073 7.398560468091073 7.398560468091073 7.398560468091073 7.398560468091073 5.5348619675652255 11.951681764504944
20 1.5426305455292917 13.124085491949526 8.64168710380097 4.904504052399182 4.103355334357481 17.606772248200407 6.738101587242507 12.550724281889073 12.440295896802455 17.039262190599686 9.787651046088637 12.519730668029565 12.594471366436942 5.875503467788953 10.88552511365437 10.620249385019166 8.415138085616896 12.841238569546164 13.49074890434182 0.0 10.244885992533057 6.773695741616979 11.171737286563804 7.131185034761053 6.876838372391778 14.41464644033977 4.430104400575679 4.52176425745527 12.452082757514903 11.928390671000008 6.717887242280864 12.51656282691059 6.094776534049465 6.094776534049465 6.094776534049465 6.094776534049465 6.094776534049465 6.094776534049465 6.094776534049465 6.094776534049465 6.094776534049465 6.094776534049465 6.094776534049465 10.644919022707501 4.997829628948951
21 9.477394156623435 3.146671415956867 5.126342653393353 11.808677868415245 10.810066789802919 16.58083188504123 11.662109757672495 2.9433662701063894 3.541490787789797 16.062306839305492 19.19853041250814 2.275514227597797 11.534616075101937 8.008131492426932 13.787215527437002 14.009002890998346 10.295642282053121 3.1562270197183215 8.14672332904463 10.244885992533057 0.0 7.509610708951564 6.225991728230933 15.92637023932321 15.387588667494333 6.636925267019358 6.052677093650379 8.592053130655094 2.9360139645444456 5.41291908308262 16.067687948177237 7.4999277329851655 6.391150913567916 6.391150913567916 6.391150913567916 6.391150913567916 6.391150913567916 6.391150913567916 6.391150913567916 6.391150913567916 6.391150913567916 6.391150913567916 6.391150913567916 10.43603420845294 6.064883345951512
22 7.288939086039889 9.144266947109537 9.718230806067533 11.093006896238727 10.057948548287566 11.480429129610094 12.302539778435996 8.316931285035364 7.698406328585158 10.90534960466651 12.80632831845256 9.306145603846954 6.158197869506955 9.591249188713638 6.520874557910158 6.640066038828229 2.9855641008023923 8.60019592800071 6.92301090566814 6.773695741616979 7.509610708951564 0.0 4.861244696577205 9.390307449705787 8.751462506347155 8.565113542738356 3.880167135575477 2.4154010019042387 10.437458359198374 6.04300008274036 9.91701936067486 5.9771084146098605 1.4353428161940964 1.4353428161940964 1.4353428161940964 1.4353428161940964 1.4353428161940964 1.4353428161940964 1.4353428161940964 1.4353428161940964 1.4353428161940964 1.4353428161940964 1.4353428161940964 4.308620312814765 7.03961710606479
23 11.272176054338399 6.0138521764340025 10.636789459230638 14.779189490631751 13.69655025909809 10.371805676930126 15.48140707429399 5.150633553263132 4.152069363582453 9.863857764586834 17.530872910382982 6.88395424156785 5.555962652862238 12.132528219625124 8.966790116870138 9.375325967666404 6.113314403823837 5.344272635261042 2.444835372780753 11.171737286563804 6.225991728230933 4.861244696577205 0.0 14.123046201156463 13.463234232531201 3.795482841484071 7.135047091645577 7.215630395190708 8.79251255330352 1.5179756256277634 14.732822981356968 1.511973875435684 5.088491819783147 5.088491819783147 5.088491819783147 5.088491819783147 5.088491819783147 5.088491819783147 5.088491819783147 5.088491819783147 5.088491819783147 5.088491819783147 5.088491819783147 5.019636341409605 9.517812196087922
24 8.660259176260258 18.234021498287206 15.581043482385898 11.032615283784711 10.64824046497824 15.944649541460608 13.18852050079917 17.472671232527667 16.98903887805311 15.466909710734074 3.4164035183215686 18.069643493992903 12.458887951980305 13.001384580112997 8.419325210490447 7.855609269814786 8.52464245584529 17.76694031058809 15.796960024004619 7.131185034761053 15.92637023932321 9.390307449705787 14.123046201156463 0.0 0.6812238985825438 17.901617580542826 9.992889722197479 7.453251102706791 18.590457363927335 15.412041526027627 1.2417846029001973 14.960811642421008 9.869500544607108 9.869500544607108 9.869500544607108 9.869500544607108 9.869500544607108 9.869500544607108 9.869500544607108 9.869500544607108 9.869500544607108 9.869500544607108 9.869500544607108 10.843202525084552 11.884403266466517
25 8.417492797739717 17.645983622343074 15.207165482100864 10.991864718963749 10.544756090114175 15.333788996852668 13.123154079717269 16.8763314141433 16.37514274746941 14.849981885510836 4.067915067943281 17.51172892663657 11.786524890738578 12.75062841588602 7.796489274025842 7.241777475178314 7.843582408568167 17.169779788919836 15.121374011643255 6.876838372391778 15.387588667494333 8.751462506347155 13.463234232531201 0.6812238985825438 0.0 17.24562234307594 9.50098442267958 6.868390350001957 18.082527063438892 14.762545376729584 1.7670837557965386 14.288553775662532 9.271412459814309 9.271412459814309 9.271412459814309 9.271412459814309 9.271412459814309 9.271412459814309 9.271412459814309 9.271412459814309 9.271412459814309 9.271412459814309 9.271412459814309 10.163419158924814 11.516209836573838
26 14.251714177599832 4.550757739102357 11.741867824158131 17.42355187669839 16.350284309454686 12.012963206469918 17.749023550606946 4.0327191818920385 3.127594922620255 11.61259213095853 21.31344798478181 5.953677854906158 8.323193918202314 14.167155148441058 12.439285550223534 12.905623929124854 9.857723723050874 4.00503083633572 3.180016666622991 14.41464644033977 6.636925267019358 8.565113542738356 3.795482841484071 17.901617580542826 17.24562234307594 0.0 10.085209021135853 10.827900258129457 8.15545982762468 2.545120822279366 18.478738728603748 3.440131538182806 8.521780389097104 8.521780389097104 8.521780389097104 8.521780389097104 8.521780389097104 8.521780389097104 8.521780389097104 8.521780389097104 8.521780389097104 8.521780389097104 8.521780389097104 8.418357381342277 11.763194336573719
27 4.181160126089409 8.75964822353044 6.286777632460051 7.664623213178844 6.586041299597201 15.342022617634221 8.585288346933956 8.147405783438064 8.010228523581585 14.767848489201125 13.190570647246462 8.292143570874783 9.986825121128337 5.711865719710155 10.02710506577048 10.011890630645144 6.658472046948909 8.440582977496282 9.559287055005724 4.430104400575679 6.052677093650379 3.880167135575477 7.135047091645577 9.992889722197479 9.50098442267958 10.085209021135853 0.0 3.197750615667207 8.603305992465918 7.665684379101452 10.045829383380946 8.591144277685018 2.554807624851625 2.554807624851625 2.554807624851625 2.554807624851625 2.554807624851625 2.554807624851625 2.554807624851625 2.554807624851625 2.554807624851625 2.554807624851625 2.554807624851625 8.180894938819346 3.1823013685067605
28 5.307402095187437 10.780943372451224 9.48122460444852 9.149302049883369 8.175788463506134 13.196113253530374 10.614431920738857 10.021870883223352 9.57293236161209 12.62352629022493 10.827340993983702 10.662944058748502 8.08543659921961 8.418899037285101 7.063002831657368 6.96854540058397 4.037994180283077 10.316716531920415 9.336321866773876 4.52176425745527 8.592053130655094 2.4154010019042387 7.215630395190708 7.453251102706791 6.868390350001957 10.827900258129457 3.197750615667207 0.0 11.388791551345559 8.283829549187985 7.802803662786858 8.386188705246264 2.4318151656735756 2.4318151656735756 2.4318151656735756 2.4318151656735756 2.4318151656735756 2.4318151656735756 2.4318151656735756 2.4318151656735756 2.4318151656735756 2.4318151656735756 2.4318151656735756 6.139847310805049 6.174927125076053
29 11.445308995391954 3.6450137173953125 5.2632489015816075 13.07117152362404 12.188357149345435 19.14071106307182 12.440318082750133 4.146500331604955 5.16966584993653 18.64403156508806 21.786005967134038 2.2019411890420684 14.267529078295231 8.935812218259736 16.714353412561312 16.942595078676703 13.230324561400598 4.150482983942952 10.366273824282281 12.452082757514903 2.9360139645444456 10.437458359198374 8.79251255330352 18.590457363927335 18.082527063438892 8.15545982762468 8.603305992465918 11.388791551345559 0.0 7.700364731621483 18.636420525412063 9.881895465951862 9.279462915492468 9.279462915492468 9.279462915492468 9.279462915492468 9.279462915492468 9.279462915492468 9.279462915492468 9.279462915492468 9.279462915492468 9.279462915492468 9.279462915492468 13.288055990249289 7.722980771696896
30 11.846715705207076 4.6383949810252245 10.216865468430129 15.160561731017753 14.07930143863679 11.475831690993031 15.657088650192922 3.8069431306495765 2.7575224387119683 10.996268457981554 18.827596899232784 5.660043816084818 6.933613848491996 12.167783734107047 10.484594651201352 10.892575315323738 7.587478698487397 3.965092684919232 2.7343829285599344 11.928390671000008 5.41291908308262 6.04300008274036 1.5179756256277634 15.412041526027627 14.762545376729584 2.545120822279366 7.665684379101452 8.283829549187985 7.700364731621483 0.0 15.959866321495305 2.1858099185427817 5.982190986586771 5.982190986586771 5.982190986586771 5.982190986586771 5.982190986586771 5.982190986586771 5.982190986586771 5.982190986586771 5.982190986586771 5.982190986586771 5.982190986586771 6.527680215819399 9.641711933054212
31 8.198294700728928 18.521964177699946 15.320236975973968 10.21744904562778 9.929249921318327 17.094743344080953 12.396730214052413 17.791743394057818 17.37457524660675 16.60775327971848 3.1524139956547574 18.260525868659972 13.437612436738902 12.512888155817585 9.552889615189741 9.003402134748843 9.372580541131668 18.088071898353345 16.524786503915866 6.717887242280864 16.067687948177237 9.91701936067486 14.732822981356968 1.2417846029001973 1.7670837557965386 18.478738728603748 10.045829383380946 7.802803662786858 18.636420525412063 15.959866321495305 0.0 15.657839953199165 10.23398895836809 10.23398895836809 10.23398895836809 10.23398895836809 10.23398895836809 10.23398895836809 10.23398895836809 10.23398895836809 10.23398895836809 10.23398895836809 10.23398895836809 11.752724365014267 11.633680844857315
32 12.694857068907865 6.773506403628773 12.086000372331618 16.250018861527515 15.168641995907214 9.29384323087064 16.98531436270757 5.966831403684874 4.902414201187003 8.819519091197659 18.339130022986367 7.84350361764435 4.968314402289774 13.644500503866016 9.007908747317549 9.485257297511755 6.620974701658359 6.104071510066048 0.9760414950195508 12.51656282691059 7.4999277329851655 5.9771084146098605 1.511973875435684 14.960811642421008 14.288553775662532 3.440131538182806 8.591144277685018 8.386188705246264 9.881895465951862 2.1858099185427817 15.657839953199165 0.0 6.423492663652696 6.423492663652696 6.423492663652696 6.423492663652696 6.423492663652696 6.423492663652696 6.423492663652696 6.423492663652696 6.423492663652696 6.423492663652696 6.423492663652696 4.989314381756275 11.028565545890363
33 6.343315379200376 8.37944801284667 8.286625187614074 10.05157286199528 8.99032958239018 12.799782029394095 11.110127362006251 7.604973701466693 7.141130232673257 12.226452347267378 13.25419933455054 8.349556215751829 7.435876948954978 8.247040923870816 7.922120044533534 8.010615457004537 4.40496083978053 7.898620449167057 7.398560468091073 6.094776534049465 6.391150913567916 1.4353428161940964 5.088491819783147 9.869500544607108 9.271412459814309 8.521780389097104 2.554807624851625 2.4318151656735756 9.279462915492468 5.982190986586771 10.23398895836809 6.423492663652696 0.0 0.0 0.0 0.0 0.0 0.0 0.0 0.0 0.0 0.0 0.0 5.656854249492381 5.656854249492381
34 6.343315379200376 8.37944801284667 8.286625187614074 10.05157286199528 8.99032958239018 12.799782029394095 11.110127362006251 7.604973701466693 7.141130232673257 12.226452347267378 13.25419933455054 8.349556215751829 7.435876948954978 8.247040923870816 7.922120044533534 8.010615457004537 4.40496083978053 7.898620449167057 7.398560468091073 6.094776534049465 6.391150913567916 1.4353428161940964 5.088491819783147 9.869500544607108 9.271412459814309 8.521780389097104 2.554807624851625 2.4318151656735756 9.279462915492468 5.982190986586771 10.23398895836809 6.423492663652696 0.0 0.0 0.0 0.0 0.0 0.0 0.0 0.0 0.0 0.0 0.0 5.656854249492381 5.656854249492381
35 6.343315379200376 8.37944801284667 8.286625187614074 10.05157286199528 8.99032958239018 12.799782029394095 11.110127362006251 7.604973701466693 7.141130232673257 12.226452347267378 13.25419933455054 8.349556215751829 7.435876948954978 8.247040923870816 7.922120044533534 8.010615457004537 4.40496083978053 7.898620449167057 7.398560468091073 6.094776534049465 6.391150913567916 1.4353428161940964 5.088491819783147 9.869500544607108 9.271412459814309 8.521780389097104 2.554807624851625 2.4318151656735756 9.279462915492468 5.982190986586771 10.23398895836809 6.423492663652696 0.0 0.0 0.0 0.0 0.0 0.0 0.0 0.0 0.0 0.0 0.0 5.656854249492381 5.656854249492381
36 6.343315379200376 8.37944801284667 8.286625187614074 10.05157286199528 8.99032958239018 12.799782029394095 11.110127362006251 7.604973701466693 7.141130232673257 12.226452347267378 13.25419933455054 8.349556215751829 7.435876948954978 8.247040923870816 7.922120044533534 8.010615457004537 4.40496083978053 7.898620449167057 7.398560468091073 6.094776534049465 6.391150913567916 1.4353428161940964 5.088491819783147 9.869500544607108 9.271412459814309 8.521780389097104 2.554807624851625 2.4318151656735756 9.279462915492468 5.982190986586771 10.23398895836809 6.423492663652696 0.0 0.0 0.0 0.0 0.0 0.0 0.0 0.0 0.0 0.0 0.0 5.656854249492381 5.656854249492381
37 6.343315379200376 8.37944801284667 8.286625187614074 10.05157286199528 8.99032958239018 12.799782029394095 11.110127362006251 7.604973701466693 7.141130232673257 12.226452347267378 13.25419933455054 8.349556215751829 7.435876948954978 8.247040923870816 7.922120044533534 8.010615457004537 4.40496083978053 7.898620449167057 7.398560468091073 6.094776534049465 6.391150913567916 1.4353428161940964 5.088491819783147 9.869500544607108 9.271412459814309 8.521780389097104 2.554807624851625 2.4318151656735756 9.279462915492468 5.982190986586771 10.23398895836809 6.423492663652696 0.0 0.0 0.0 0.0 0.0 0.0 0.0 0.0 0.0 0.0 0.0 5.656854249492381 5.656854249492381
38 6.343315379200376 8.37944801284667 8.286625187614074 10.05157286199528 8.99032958239018 12.799782029394095 11.110127362006251 7.604973701466693 7.141130232673257 12.226452347267378 13.25419933455054 8.349556215751829 7.435876948954978 8.247040923870816 7.922120044533534 8.010615457004537 4.40496083978053 7.898620449167057 7.398560468091073 6.094776534049465 6.391150913567916 1.4353428161940964 5.088491819783147 9.869500544607108 9.271412459814309 8.521780389097104 2.554807624851625 2.4318151656735756 9.279462915492468 5.982190986586771 10.23398895836809 6.423492663652696 0.0 0.0 0.0 0.0 0.0 0.0 0.0 0.0 0.0 0.0 0.0 5.656854249492381 5.656854249492381
39 6.343315379200376 8.37944801284667 8.286625187614074 10.05157286199528 8.99032958239018 12.799782029394095 11.110127362006251 7.604973701466693 7.141130232673257 12.226452347267378 13.25419933455054 8.349556215751829 7.435876948954978 8.247040923870816 7.922120044533534 8.010615457004537 4.40496083978053 7.898620449167057 7.398560468091073 6.094776534049465 6.391150913567916 1.4353428161940964 5.088491819783147 9.869500544607108 9.271412459814309 8.521780389097104 2.554807624851625 2.4318151656735756 9.279462915492468 5.982190986586771 10.23398895836809 6.423492663652696 0.0 0.0 0.0 0.0 0.0 0.0 0.0 0.0 0.0 0.0 0.0 5.656854249492381 5.656854249492381
40 6.343315379200376 8.37944801284667 8.286625187614074 10.05157286199528 8.99032958239018 12.799782029394095 11.110127362006251 7.604973701466693 7.141130232673257 12.226452347267378 13.25419933455054 8.349556215751829 7.435876948954978 8.247040923870816 7.922120044533534 8.010615457004537 4.40496083978053 7.898620449167057 7.398560468091073 6.094776534049465 6.391150913567916 1.4353428161940964 5.088491819783147 9.869500544607108 9.271412459814309 8.521780389097104 2.554807624851625 2.4318151656735756 9.279462915492468 5.982190986586771 10.23398895836809 6.423492663652696 0.0 0.0 0.0 0.0 0.0 0.0 0.0 0.0 0.0 0.0 0.0 5.656854249492381 5.656854249492381
41 6.343315379200376 8.37944801284667 8.286625187614074 10.05157286199528 8.99032958239018 12.799782029394095 11.110127362006251 7.604973701466693 7.141130232673257 12.226452347267378 13.25419933455054 8.349556215751829 7.435876948954978 8.247040923870816 7.922120044533534 8.010615457004537 4.40496083978053 7.898620449167057 7.398560468091073 6.094776534049465 6.391150913567916 1.4353428161940964 5.088491819783147 9.869500544607108 9.271412459814309 8.521780389097104 2.554807624851625 2.4318151656735756 9.279462915492468 5.982190986586771 10.23398895836809 6.423492663652696 0.0 0.0 0.0 0.0 0.0 0.0 0.0 0.0 0.0 0.0 0.0 5.656854249492381 5.656854249492381
42 6.343315379200376 8.37944801284667 8.286625187614074 10.05157286199528 8.99032958239018 12.799782029394095 11.110127362006251 7.604973701466693 7.141130232673257 12.226452347267378 13.25419933455054 8.349556215751829 7.435876948954978 8.247040923870816 7.922120044533534 8.010615457004537 4.40496083978053 7.898620449167057 7.398560468091073 6.094776534049465 6.391150913567916 1.4353428161940964 5.088491819783147 9.869500544607108 9.271412459814309 8.521780389097104 2.554807624851625 2.4318151656735756 9.279462915492468 5.982190986586771 10.23398895836809 6.423492663652696 0.0 0.0 0.0 0.0 0.0 0.0 0.0 0.0 0.0 0.0 0.0 5.656854249492381 5.656854249492381
43 6.343315379200376 8.37944801284667 8.286625187614074 10.05157286199528 8.99032958239018 12.799782029394095 11.110127362006251 7.604973701466693 7.141130232673257 12.226452347267378 13.25419933455054 8.349556215751829 7.435876948954978 8.247040923870816 7.922120044533534 8.010615457004537 4.40496083978053 7.898620449167057 7.398560468091073 6.094776534049465 6.391150913567916 1.4353428161940964 5.088491819783147 9.869500544607108 9.271412459814309 8.521780389097104 2.554807624851625 2.4318151656735756 9.279462915492468 5.982190986586771 10.23398895836809 6.423492663652696 0.0 0.0 0.0 0.0 0.0 0.0 0.0 0.0 0.0 0.0 0.0 5.656854249492381 5.656854249492381
44 11.411470106870542 10.948568353899063 13.699202787023777 15.253134661439267 14.249000877254517 7.174010036234964 16.57356117435236 10.071128288329964 9.128183882898066 6.59864660366048 14.065909142319951 11.631469769551913 1.9504527679490218 13.892072703524121 4.020943421636271 4.498217424713928 2.455133397597776 10.291559891483896 5.5348619675652255 10.644919022707501 10.43603420845294 4.308620312814765 5.019636341409605 10.843202525084552 10.163419158924814 8.418357381342277 8.180894938819346 6.139847310805049 13.288055990249289 6.527680215819399 11.752724365014267 4.989314381756275 5.656854249492381 5.656854249492381 5.656854249492381 5.656854249492381 5.656854249492381 5.656854249492381 5.656854249492381 5.656854249492381 5.656854249492381 5.656854249492381 5.656854249492381 0.0 11.313708498984761
45 3.775400640991629 9.195604874068914 3.6970470648884093 5.780148527503424 4.755841250504478 18.444576980782184 6.015557330788228 8.845542662833072 9.092180211588419 17.872608567302088 14.747806616578615 8.254640452497007 13.068292390362254 2.652863358712619 13.16632013889986 13.118916113764888 9.837666389952446 9.102758098510582 11.951681764504944 4.997829628948951 6.064883345951512 7.03961710606479 9.517812196087922 11.884403266466517 11.516209836573838 11.763194336573719 3.1823013685067605 6.174927125076053 7.722980771696896 9.641711933054212 11.633680844857315 11.028565545890363 5.656854249492381 5.656854249492381 5.656854249492381 5.656854249492381 5.656854249492381 5.656854249492381 5.656854249492381 5.656854249492381 5.656854249492381 5.656854249492381 5.656854249492381 11.313708498984761 0.0
;
param arr := 1 0.0 2 0.0 3 0.0 4 0.0 5 0.0 6 0.0 7 0.0 8 0.0 9 53.0 10 105.0 11 74.0 12 3.0 13 172.0 14 61.0 15 179.0 16 154.0 17 138.0 18 125.0 19 95.0 20 195.0 21 103.0 22 103.0 23 142.0 24 157.0 25 0.0 26 0.0 27 0.0 28 0.0 29 0.0 30 0.0 31 0.0 32 0.0 33 0.0 34 0.0 35 0.0 36 0.0 37 0.0 38 0.0 39 0.0 40 0.0 41 0.0 42 0.0 43 0.0 44 0.0 45 0.0;
param dep := 1 1440.0 2 1440.0 3 1440.0 4 1440.0 5 1440.0 6 1440.0 7 1440.0 8 1440.0 9 68.0 10 120.0 11 89.0 12 18.0 13 187.0 14 76.0 15 194.0 16 169.0 17 153.0 18 140.0 19 110.0 20 210.0 21 118.0 22 118.0 23 157.0 24 172.0 25 1440.0 26 1440.0 27 1440.0 28 1440.0 29 1440.0 30 1440.0 31 1440.0 32 1440.0 33 240.0 34 240.0 35 240.0 36 240.0 37 240.0 38 240.0 39 240.0 40 240.0 41 240.0 42 240.0 43 240.0 44 240.0 45 240.0;
param d := 1 3.0 2 3.0 3 3.0 4 3.0 5 3.0 6 3.0 7 3.0 8 3.0 9 3.0 10 3.0 11 3.0 12 3.0 13 3.0 14 3.0 15 3.0 16 3.0 17 3.0 18 3.0 19 3.0 20 3.0 21 3.0 22 3.0 23 3.0 24 3.0 25 3.0 26 3.0 27 3.0 28 3.0 29 3.0 30 3.0 31 3.0 32 3.0 33 0.0 34 0.0 35 0.0 36 0.0 37 0.0 38 0.0 39 0.0 40 0.0 41 0.0 42 0.0 43 0.0 44 0.0 45 0.0;
param l := 1 1.0 2 1.0 3 1.0 4 1.0 5 1.0 6 1.0 7 1.0 8 1.0 9 1.0 10 1.0 11 1.0 12 1.0 13 1.0 14 1.0 15 1.0 16 1.0 17 -1.0 18 -1.0 19 -1.0 20 -1.0 21 -1.0 22 -1.0 23 -1.0 24 -1.0 25 -1.0 26 -1.0 27 -1.0 28 -1.0 29 -1.0 30 -1.0 31 -1.0 32 -1.0 33 0.0 34 0.0 35 0.0 36 0.0 37 0.0 38 0.0 39 0.0 40 0.0 41 0.0 42 0.0 43 0.0 44 0.0 45 0.0;
param u := 1 30 2 30 3 30 4 30 5 30 6 30 7 30 8 30 9 30 10 30 11 30 12 30 13 30 14 30 15 30 16 30;
param c := 1 3 2 3 3 3 4 3;
param Q := 14.85;
param Binit := 1 14.85 2 14.85 3 14.85 4 14.85;
param r := 0.0;
param beta:
 1 2 3 4 5 6 7 8 9 10 11 12 13 14 15 16 17 18 19 20 21 22 23 24 25 26 27 28 29 30 31 32 33 34 35 36 37 38 39 40 41 42 43 44 45:=
1 0.0 0.6869527764155262 0.40103927641192455 0.21142398474392635 0.15831273985374641 1.0176709702305553 0.29808297183837923 0.65977956214557 0.6607318665124303 0.9861632836528644 0.6172329513643937 0.6458097681399687 0.7338123991866042 0.23876189865638112 0.6639563734162058 0.6519692715534989 0.5134044519187577 0.6752569064622739 0.7518167276836824 0.08484468000411104 0.5212566786142889 0.4008916497321939 0.6199696829886119 0.4763142546943142 0.4629621038756844 0.7838442797679908 0.22996380693491753 0.29190711523530904 0.6294919947465575 0.6515693637863892 0.45090620854009106 0.6982171387899326 0.3488823458560207 0.3488823458560207 0.3488823458560207 0.3488823458560207 0.3488823458560207 0.3488823458560207 0.3488823458560207 0.3488823458560207 0.3488823458560207 0.3488823458560207 0.3488823458560207 0.6276308558778798 0.2076470352545396
2 0.6869527764155262 0.0 0.44012785642356245 0.8223893460520996 0.7671386612764344 0.8823469464587046 0.8131726489651505 0.0483681144970527 0.10344893257061667 0.8570040135845339 1.1877578441858423 0.08090176574092806 0.6354193226720446 0.6123699431920219 0.8108833766485783 0.8292684436447585 0.6322113060717911 0.037040611496032265 0.3890006645881212 0.7218247020572239 0.1730669278776277 0.5029346820910245 0.3307618697038701 1.0028711824057963 0.9705290992288691 0.25029167565062965 0.4817806522941742 0.5929518854848174 0.20047575445674218 0.25511172395638737 1.018708029773497 0.37254285219958255 0.46086964070656683 0.46086964070656683 0.46086964070656683 0.46086964070656683 0.46086964070656683 0.46086964070656683 0.46086964070656683 0.46086964070656683 0.46086964070656683 0.46086964070656683 0.46086964070656683 0.6021712594644485 0.5057582680737903
3 0.40103927641192455 0.44012785642356245 0.0 0.4407270630446921 0.39858663929564925 1.1305950970727763 0.3954480608436461 0.4407102604886799 0.47668119561190997 1.1000829423729832 1.0132200627825132 0.3670700659274738 0.8373757224955832 0.20989196965343862 0.8898870912228134 0.8920673537491438 0.6978809301915335 0.45023548249777023 0.7081204056161636 0.4752927907090534 0.28194884593663444 0.5345026943337143 0.5850234202576851 0.8569573915312244 0.8363941015155475 0.6458027303286972 0.3457727697853028 0.5214673532446686 0.2894786895869884 0.5619276007636571 0.8426130336785682 0.664730020478239 0.4557643853187741 0.4557643853187741 0.4557643853187741 0.4557643853187741 0.4557643853187741 0.4557643853187741 0.4557643853187741 0.4557643853187741 0.4557643853187741 0.4557643853187741 0.4557643853187741 0.7534561532863078 0.2033375885688625
4 0.21142398474392635 0.8223893460520996 0.4407270630446921 0.0 0.05958927021704498 1.2289956017516905 0.12036067349844802 0.8043532911600474 0.8171673563291671 1.1975055006971784 0.7038802810315117 0.7663428508180917 0.9449061802766452 0.2308352358826529 0.8682536027135159 0.853859071993148 0.7242744765108046 0.8183925779233338 0.9467907389967435 0.26974772288195503 0.6494772827628384 0.61011537929313 0.8128554219847463 0.6067938406081591 0.6045525595430061 0.9582953532184114 0.4215542767248364 0.5032116127435853 0.7189144337993222 0.8338308952059764 0.5619596975095279 0.8937510373840133 0.5528365074097404 0.5528365074097404 0.5528365074097404 0.5528365074097404 0.5528365074097404 0.5528365074097404 0.5528365074097404 0.5528365074097404 0.5528365074097404 0.5528365074097404 0.5528365074097404 0.8389224063791597 0.3179081690126883
5 0.15831273985374641 0.7671386612764344 0.39858663929564925 0.05958927021704498 0.0 1.175092053351566 0.1455045555987853 0.7479230465930301 0.7594800559757972 1.1435402358574882 0.6967426787918191 0.712981360222692 0.8892253041833662 0.19088459772857524 0.8208168600851227 0.8077756248179317 0.6714861546227144 0.7621654901168118 0.8872830078531878 0.22568454338966146 0.5945536734391605 0.5531871701558161 0.753310264250395 0.5856532255738032 0.5799615849562797 0.8992656370200077 0.36223227147784604 0.44966836549283734 0.670359643213999 0.7743615791250235 0.546108745672508 0.8342753097748967 0.49446812703145987 0.49446812703145987 0.49446812703145987 0.49446812703145987 0.49446812703145987 0.49446812703145987 0.49446812703145987 0.49446812703145987 0.49446812703145987 0.49446812703145987 0.49446812703145987 0.7836950482489984 0.2615712687777463
6 1.0176709702305553 0.8823469464587046 1.1305950970727763 1.2289956017516905 1.175092053351566 0.0 1.3053756705446904 0.8390106649053991 0.7802437033549198 0.031654829410375916 1.019905271140413 0.9424729532591373 0.2959988301497153 1.1575710336735279 0.4150508959754213 0.44506066608946687 0.5056829213054362 0.8458558790509172 0.495017566077205 0.9683724736510224 0.9119457536772677 0.6314236021285552 0.5704493122311569 0.8769557247803335 0.8433583948268968 0.6607129763558455 0.8438112439698822 0.7257862289441706 1.0527391084689501 0.6311707430046167 0.9402108839244524 0.5111613776978853 0.7039880116166752 0.7039880116166752 0.7039880116166752 0.7039880116166752 0.7039880116166752 0.7039880116166752 0.7039880116166752 0.7039880116166752 0.7039880116166752 0.7039880116166752 0.7039880116166752 0.39457055199292307 1.0144517339430201
7 0.29808297183837923 0.8131726489651505 0.3954480608436461 0.12036067349844802 0.1455045555987853 1.3053756705446904 0.0 0.8019741918696636 0.8231487441070416 1.2737329165193934 0.8240678210256726 0.7489323018971741 1.0152153870484824 0.20097498214952025 0.9619086657786176 0.9500372904523274 0.8056849997672787 0.8146206037935696 0.9858447763847005 0.3705955872983379 0.6414160366719872 0.6766396878139798 0.8514773890861694 0.7253686275439544 0.7217734743844498 0.976196295283382 0.47219085908136754 0.5837937556406372 0.6842174945512574 0.8611398757606107 0.6818201617728827 0.9341922899489163 0.6110570049103438 0.6110570049103438 0.6110570049103438 0.6110570049103438 0.6110570049103438 0.6110570049103438 0.6110570049103438 0.6110570049103438 0.6110570049103438 0.6110570049103438 0.6110570049103438 0.9115458645893798 0.33085565319335253
8 0.65977956214557 0.0483681144970527 0.4407102604886799 0.8043532911600474 0.7479230465930301 0.8390106649053991 0.8019741918696636 0.0 0.058901738938676486 0.8132055014570425 1.146611271584664 0.10788908563890975 0.5884215992169219 0.6010661531187729 0.7625570776833693 0.7810433422832563 0.584426348332277 0.016337129490825487 0.34778337489017497 0.690289835503899 0.16188514485585143 0.457431220676945 0.2832848454294723 0.9609969177890216 0.9281982277778816 0.22179955500406212 0.4481073180890935 0.5512028985772843 0.2280575182382725 0.2093818721857267 0.97854588667318 0.3281757272026681 0.4182735535806681 0.4182735535806681 0.4182735535806681 0.4182735535806681 0.4182735535806681 0.4182735535806681 0.4182735535806681 0.4182735535806681 0.4182735535806681 0.4182735535806681 0.4182735535806681 0.5539120558581481 0.486504846455819
9 0.6607318665124303 0.10344893257061667 0.47668119561190997 0.8171673563291671 0.7594800559757972 0.7802437033549198 0.8231487441070416 0.058901738938676486 0.0 0.7545463330041436 1.1212604713557863 0.16569602363967575 0.5322447984010741 0.6232491304646963 0.7140510962984372 0.7338061353143622 0.540700625045875 0.0664167301965401 0.28896330026492983 0.684216274324135 0.19478199332843885 0.4234123480721837 0.22836381499703493 0.9343971382929209 0.9006328511108176 0.17201772074411403 0.4405625687969872 0.526511279888665 0.28433162174650917 0.15166373412915826 0.9556016385633712 0.2696327810652852 0.39276216279702914 0.39276216279702914 0.39276216279702914 0.39276216279702914 0.39276216279702914 0.39276216279702914 0.39276216279702914 0.39276216279702914 0.39276216279702914 0.39276216279702914 0.39276216279702914 0.5020501135593937 0.500069911637363
10 0.9861632836528644 0.8570040135845339 1.1000829423729832 1.1975055006971784 1.1435402358574882 0.031654829410375916 1.2737329165193934 0.8132055014570425 0.7545463330041436 0.0 0.9961229960828131 0.9160225678442644 0.2647304036656915 1.1260297324782327 0.3880206186853992 0.4186218371334682 0.47439749685785654 0.8203809292030136 0.47095434093975613 0.9371594204829827 0.883426876161802 0.5997942282566581 0.5425121770522758 0.8506800340903741 0.816749003703096 0.6386925672027192 0.8122316669060619 0.6942939459623712 1.0254217360798432 0.6047947651889855 0.9134264303845164 0.4850735500158712 0.6724548790997058 0.6724548790997058 0.6724548790997058 0.6724548790997058 0.6724548790997058 0.6724548790997058 0.6724548790997058 0.6724548790997058 0.6724548790997058 0.6724548790997058 0.6724548790997058 0.3629255632013264 0.9829934712016148
11 0.6172329513643937 1.1877578441858423 1.0132200627825132 0.7038802810315117 0.6967426787918191 1.019905271140413 0.8240678210256726 1.146611271584664 1.1212604713557863 0.9961229960828131 0.0 1.1757385042282997 0.8562241195212851 0.8514646403110349 0.6164667584306553 0.5834202560761839 0.6506078304170646 1.1628510983892135 1.0537016685594647 0.5383208075348751 1.0559191726879478 0.7043480575148907 0.964198010071064 0.18790219350768628 0.22373532873688048 1.1722396391629994 0.7254813855985555 0.5955037546691037 1.198230328192372 1.0355178294578031 0.17338276976101166 1.0086521512642501 0.7289809634002797 0.7289809634002797 0.7289809634002797 0.7289809634002797 0.7289809634002797 0.7289809634002797 0.7289809634002797 0.7289809634002797 0.7289809634002797 0.7289809634002797 0.7289809634002797 0.7736250028275973 0.8111293639118238
12 0.6458097681399687 0.08090176574092806 0.3670700659274738 0.7663428508180917 0.712981360222692 0.9424729532591373 0.7489323018971741 0.10788908563890975 0.16569602363967575 0.9160225678442644 1.1757385042282997 0.0 0.683695283898463 0.5492994726239958 0.8398117926803601 0.855556390616656 0.6539115243096729 0.1071945343755921 0.45415828964139804 0.688585186741626 0.12515328251787883 0.5118380082115824 0.3786174832862318 0.9938303921696097 0.9631450909650114 0.3274522820198387 0.45606789639811307 0.5864619232311676 0.12110676539731376 0.311302409884665 1.0043289227762984 0.43139269897043925 0.4592255918663506 0.4592255918663506 0.4592255918663506 0.4592255918663506 0.4592255918663506 0.4592255918663506 0.4592255918663506 0.4592255918663506 0.4592255918663506 0.4592255918663506 0.4592255918663506 0.6397308373253552 0.4540052248873354
13 0.7338123991866042 0.6354193226720446 0.8373757224955832 0.9449061802766452 0.8892253041833662 0.2959988301497153 1.0152153870484824 0.5884215992169219 0.5322447984010741 0.2647304036656915 0.8562241195212851 0.683695283898463 0.0 0.8623934652175885 0.2608790482196683 0.29313405678972204 0.23870442277008608 0.5984270671727675 0.28470342397835685 0.6926959251540318 0.6344038841306066 0.3387008828228825 0.3055779459074231 0.6852388373589168 0.6482588689906218 0.45777566550112725 0.5492753816620586 0.4446990129570786 0.7847140993062377 0.3813487616670598 0.7390686840206396 0.2732572921259376 0.4089732321925238 0.4089732321925238 0.4089732321925238 0.4089732321925238 0.4089732321925238 0.4089732321925238 0.4089732321925238 0.4089732321925238 0.4089732321925238 0.4089732321925238 0.4089732321925238 0.1072749022371962 0.718756081469924
14 0.23876189865638112 0.6123699431920219 0.20989196965343862 0.2308352358826529 0.19088459772857524 1.1575710336735279 0.20097498214952025 0.6010661531187729 0.6232491304646963 1.1260297324782327 0.8514646403110349 0.5492994726239958 0.8623934652175885 0.0 0.8514893347834722 0.8457342613965689 0.6754439358673672 0.613657784375787 0.8005318244298599 0.3231526907283924 0.44044723208348124 0.52751870537925 0.6672890520793818 0.7150761519062149 0.7012845628737311 0.7791935331642582 0.3141526145840585 0.46303944705068056 0.4914696720042855 0.6692281053758876 0.6882088485699672 0.7504475277126309 0.4535872508128949 0.4535872508128949 0.4535872508128949 0.4535872508128949 0.4535872508128949 0.4535872508128949 0.4535872508128949 0.4535872508128949 0.4535872508128949 0.4535872508128949 0.4535872508128949 0.7640639986938267 0.14590748472919404
15 0.6639563734162058 0.8108833766485783 0.8898870912228134 0.8682536027135159 0.8208168600851227 0.4150508959754213 0.9619086657786176 0.7625570776833693 0.7140510962984372 0.3880206186853992 0.6164667584306553 0.8398117926803601 0.2608790482196683 0.8514893347834722 0.0 0.03361368545696825 0.1949794759711904 0.7758028250947531 0.523007088407987 0.5987038812509904 0.7582968540090351 0.3586481006850587 0.4931734564278576 0.4630628865769746 0.4288069100714213 0.6841607052622943 0.5514907786173764 0.38846515574115525 0.9192894376908721 0.5766527058160743 0.5254089288354358 0.4954349811024652 0.43571660244934435 0.43571660244934435 0.43571660244934435 0.43571660244934435 0.43571660244934435 0.43571660244934435 0.43571660244934435 0.43571660244934435 0.43571660244934435 0.43571660244934435 0.43571660244934435 0.2211518881899949 0.7241476076394923
16 0.6519692715534989 0.8292684436447585 0.8920673537491438 0.853859071993148 0.8077756248179317 0.44506066608946687 0.9500372904523274 0.7810433422832563 0.7338061353143622 0.4186218371334682 0.5834202560761839 0.855556390616656 0.29313405678972204 0.8457342613965689 0.03361368545696825 0.0 0.20435317907974912 0.7946240133704746 0.5509891682465274 0.5841137161760541 0.7704951590049091 0.36520363213555257 0.5156429282216523 0.43205850983981325 0.3982977611348073 0.7098093161018669 0.550653984685483 0.38326999703211834 0.9318427293272187 0.5990916423428055 0.4951871174111864 0.5216891513631465 0.44058385013524953 0.44058385013524953 0.44058385013524953 0.44058385013524953 0.44058385013524953 0.44058385013524953 0.44058385013524953 0.44058385013524953 0.44058385013524953 0.44058385013524953 0.44058385013524953 0.24740195835926607 0.7215403862570688
17 0.5134044519187577 0.6322113060717911 0.6978809301915335 0.7242744765108046 0.6714861546227144 0.5056829213054362 0.8056849997672787 0.584426348332277 0.540700625045875 0.47439749685785654 0.6506078304170646 0.6539115243096729 0.23870442277008608 0.6754439358673672 0.1949794759711904 0.20435317907974912 0.0 0.5987163407866867 0.40553794523447495 0.46283259470892923 0.5662603255129217 0.16420602554413158 0.33623229221031103 0.46885533507149096 0.4313970324712492 0.5421748047677981 0.36621596258219 0.22208967991556922 0.7276678508770329 0.41731132841680685 0.5154919297622418 0.36415360859120977 0.2422728461879292 0.2422728461879292 0.2422728461879292 0.2422728461879292 0.2422728461879292 0.2422728461879292 0.2422728461879292 0.2422728461879292 0.2422728461879292 0.2422728461879292 0.2422728461879292 0.1350323368678777 0.5410716514473846
18 0.6752569064622739 0.037040611496032265 0.45023548249777023 0.8183925779233338 0.7621654901168118 0.8458558790509172 0.8146206037935696 0.016337129490825487 0.0664167301965401 0.8203809292030136 1.1628510983892135 0.1071945343755921 0.5984270671727675 0.613657784375787 0.7758028250947531 0.7946240133704746 0.5987163407866867 0.0 0.35311426373059474 0.706268121325039 0.1735924860845077 0.47301077604003905 0.2939349949393573 0.977181717082345 0.944337888390591 0.2202766959984646 0.46423206376229553 0.5674194092556228 0.22827656411686237 0.21808009767055775 0.994843954409434 0.3357239330536327 0.4344241247041881 0.4344241247041881 0.4344241247041881 0.4344241247041881 0.4344241247041881 0.4344241247041881 0.4344241247041881 0.4344241247041881 0.4344241247041881 0.4344241247041881 0.4344241247041881 0.5660357940316143 0.5006516954180821
19 0.7518167276836824 0.3890006645881212 0.7081204056161636 0.9467907389967435 0.8872830078531878 0.495017566077205 0.9858447763847005 0.34778337489017497 0.28896330026492983 0.47095434093975613 1.0537016685594647 0.45415828964139804 0.28470342397835685 0.8005318244298599 0.523007088407987 0.5509891682465274 0.40553794523447495 0.35311426373059474 0.0 0.7419911897388001 0.4480697830974546 0.38076559981174773 0.13446594550294141 0.8688328013202541 0.831675570640379 0.17490091666426452 0.5257607880253148 0.5134977026725631 0.5701450603355255 0.1503910610707964 0.9088632577153727 0.053682282226075295 0.40692082574500904 0.40692082574500904 0.40692082574500904 0.40692082574500904 0.40692082574500904 0.40692082574500904 0.40692082574500904 0.40692082574500904 0.40692082574500904 0.40692082574500904 0.40692082574500904 0.3044174082160874 0.6573424970477719
20 0.08484468000411104 0.7218247020572239 0.4752927907090534 0.26974772288195503 0.22568454338966146 0.9683724736510224 0.3705955872983379 0.690289835503899 0.684216274324135 0.9371594204829827 0.5383208075348751 0.688585186741626 0.6926959251540318 0.3231526907283924 0.5987038812509904 0.5841137161760541 0.46283259470892923 0.706268121325039 0.7419911897388001 0.0 0.5634687295893182 0.3725532657889339 0.6144455507610093 0.3922151769118579 0.3782261104815478 0.7928055542186874 0.24365574203166238 0.24869703416003983 0.6848645516633197 0.6560614869050004 0.36948379832544753 0.6884109554800825 0.3352127093727206 0.3352127093727206 0.3352127093727206 0.3352127093727206 0.3352127093727206 0.3352127093727206 0.3352127093727206 0.3352127093727206 0.3352127093727206 0.3352127093727206 0.3352127093727206 0.5854705462489126 0.2748806295921923
21 0.5212566786142889 0.1730669278776277 0.28194884593663444 0.6494772827628384 0.5945536734391605 0.9119457536772677 0.6414160366719872 0.16188514485585143 0.19478199332843885 0.883426876161802 1.0559191726879478 0.12515328251787883 0.6344038841306066 0.44044723208348124 0.7582968540090351 0.7704951590049091 0.5662603255129217 0.1735924860845077 0.4480697830974546 0.5634687295893182 0.0 0.413028588992336 0.3424295450527013 0.8759503631627766 0.8463173767121883 0.36503088968606473 0.3328972401507709 0.4725629221860302 0.16148076804994452 0.2977105495695441 0.8837228371497481 0.4124960253141841 0.3515133002462354 0.3515133002462354 0.3515133002462354 0.3515133002462354 0.3515133002462354 0.3515133002462354 0.3515133002462354 0.3515133002462354 0.3515133002462354 0.3515133002462354 0.3515133002462354 0.5739818814649117 0.33356858402733314
22 0.4008916497321939 0.5029346820910245 0.5345026943337143 0.61011537929313 0.5531871701558161 0.6314236021285552 0.6766396878139798 0.457431220676945 0.4234123480721837 0.5997942282566581 0.7043480575148907 0.5118380082115824 0.3387008828228825 0.52751870537925 0.3586481006850587 0.36520363213555257 0.16420602554413158 0.47301077604003905 0.38076559981174773 0.3725532657889339 0.413028588992336 0.0 0.26736845831174627 0.5164669097338183 0.4813304378490935 0.4710812448506096 0.21340919245665124 0.13284705510473313 0.5740602097559105 0.33236500455071977 0.5454360648371174 0.3287409628035423 0.0789438548906753 0.0789438548906753 0.0789438548906753 0.0789438548906753 0.0789438548906753 0.0789438548906753 0.0789438548906753 0.0789438548906753 0.0789438548906753 0.0789438548906753 0.0789438548906753 0.23697411720481207 0.3871789408335634
23 0.6199696829886119 0.3307618697038701 0.5850234202576851 0.8128554219847463 0.753310264250395 0.5704493122311569 0.8514773890861694 0.2832848454294723 0.22836381499703493 0.5425121770522758 0.964198010071064 0.3786174832862318 0.3055779459074231 0.6672890520793818 0.4931734564278576 0.5156429282216523 0.33623229221031103 0.2939349949393573 0.13446594550294141 0.6144455507610093 0.3424295450527013 0.26736845831174627 0.0 0.7767675410636055 0.7404778827892161 0.20875155628162392 0.3924275900405067 0.3968596717354889 0.48358819043169365 0.08348865940952699 0.8103052639746332 0.08315856314896262 0.27986705008807305 0.27986705008807305 0.27986705008807305 0.27986705008807305 0.27986705008807305 0.27986705008807305 0.27986705008807305 0.27986705008807305 0.27986705008807305 0.27986705008807305 0.27986705008807305 0.27607999877752826 0.5234796707848357
24 0.4763142546943142 1.0028711824057963 0.8569573915312244 0.6067938406081591 0.5856532255738032 0.8769557247803335 0.7253686275439544 0.9609969177890216 0.9343971382929209 0.8506800340903741 0.18790219350768628 0.9938303921696097 0.6852388373589168 0.7150761519062149 0.4630628865769746 0.43205850983981325 0.46885533507149096 0.977181717082345 0.8688328013202541 0.3922151769118579 0.8759503631627766 0.5164669097338183 0.7767675410636055 0.0 0.03746731442203991 0.9845889669298554 0.5496089347208614 0.40992881064887354 1.0224751550160034 0.8476622839315195 0.06829815315951085 0.8228446403331555 0.542822529953391 0.542822529953391 0.542822529953391 0.542822529953391 0.542822529953391 0.542822529953391 0.542822529953391 0.542822529953391 0.542822529953391 0.542822529953391 0.542822529953391 0.5963761388796504 0.6536421796556584
25 0.4629621038756844 0.9705290992288691 0.8363941015155475 0.6045525595430061 0.5799615849562797 0.8433583948268968 0.7217734743844498 0.9281982277778816 0.9006328511108176 0.816749003703096 0.22373532873688048 0.9631450909650114 0.6482588689906218 0.7012845628737311 0.4288069100714213 0.3982977611348073 0.4313970324712492 0.944337888390591 0.831675570640379 0.3782261104815478 0.8463173767121883 0.4813304378490935 0.7404778827892161 0.03746731442203991 0.0 0.9485092288691767 0.5225541432473768 0.3777614692501076 0.994538988489139 0.8119399957201271 0.09718960656880962 0.7858704576614393 0.509927685289787 0.509927685289787 0.509927685289787 0.509927685289787 0.509927685289787 0.509927685289787 0.509927685289787 0.509927685289787 0.509927685289787 0.509927685289787 0.509927685289787 0.5589880537408648 0.633391541011561
26 0.7838442797679908 0.25029167565062965 0.6458027303286972 0.9582953532184114 0.8992656370200077 0.6607129763558455 0.976196295283382 0.22179955500406212 0.17201772074411403 0.6386925672027192 1.1722396391629994 0.3274522820198387 0.45777566550112725 0.7791935331642582 0.6841607052622943 0.7098093161018669 0.5421748047677981 0.2202766959984646 0.17490091666426452 0.7928055542186874 0.36503088968606473 0.4710812448506096 0.20875155628162392 0.9845889669298554 0.9485092288691767 0.0 0.5546864961624719 0.5955345141971201 0.4485502905193574 0.13998164522536513 1.0163306300732062 0.1892072346000543 0.4686979214003407 0.4686979214003407 0.4686979214003407 0.4686979214003407 0.4686979214003407 0.4686979214003407 0.4686979214003407 0.4686979214003407 0.4686979214003407 0.4686979214003407 0.4686979214003407 0.46300965597382526 0.6469756885115545
27 0.22996380693491753 0.4817806522941742 0.3457727697853028 0.4215542767248364 0.36223227147784604 0.8438112439698822 0.47219085908136754 0.4481073180890935 0.4405625687969872 0.8122316669060619 0.7254813855985555 0.45606789639811307 0.5492753816620586 0.3141526145840585 0.5514907786173764 0.550653984685483 0.36621596258219 0.46423206376229553 0.5257607880253148 0.24365574203166238 0.3328972401507709 0.21340919245665124 0.3924275900405067 0.5496089347208614 0.5225541432473768 0.5546864961624719 0.0 0.1758762838616964 0.4731818295856255 0.42161264085057987 0.552520616085952 0.472512935272676 0.14051441936683937 0.14051441936683937 0.14051441936683937 0.14051441936683937 0.14051441936683937 0.14051441936683937 0.14051441936683937 0.14051441936683937 0.14051441936683937 0.14051441936683937 0.14051441936683937 0.44994922163506407 0.17502657526787183
28 0.29190711523530904 0.5929518854848174 0.5214673532446686 0.5032116127435853 0.44966836549283734 0.7257862289441706 0.5837937556406372 0.5512028985772843 0.526511279888665 0.6942939459623712 0.5955037546691037 0.5864619232311676 0.4446990129570786 0.46303944705068056 0.38846515574115525 0.38326999703211834 0.22208967991556922 0.5674194092556228 0.5134977026725631 0.24869703416003983 0.4725629221860302 0.13284705510473313 0.3968596717354889 0.40992881064887354 0.3777614692501076 0.5955345141971201 0.1758762838616964 0.0 0.6263835353240057 0.4556106252053392 0.4291542014532772 0.4612403787885445 0.13374983411204666 0.13374983411204666 0.13374983411204666 0.13374983411204666 0.13374983411204666 0.13374983411204666 0.13374983411204666 0.13374983411204666 0.13374983411204666 0.13374983411204666 0.13374983411204666 0.3376916020942777 0.33962099187918293
29 0.6294919947465575 0.20047575445674218 0.2894786895869884 0.7189144337993222 0.670359643213999 1.0527391084689501 0.6842174945512574 0.2280575182382725 0.28433162174650917 1.0254217360798432 1.198230328192372 0.12110676539731376 0.7847140993062377 0.4914696720042855 0.9192894376908721 0.9318427293272187 0.7276678508770329 0.22827656411686237 0.5701450603355255 0.6848645516633197 0.16148076804994452 0.5740602097559105 0.48358819043169365 1.0224751550160034 0.994538988489139 0.4485502905193574 0.4731818295856255 0.6263835353240057 0.0 0.42352006023918154 1.0250031288976635 0.5435042506273524 0.5103704603520858 0.5103704603520858 0.5103704603520858 0.5103704603520858 0.5103704603520858 0.5103704603520858 0.5103704603520858 0.5103704603520858 0.5103704603520858 0.5103704603520858 0.5103704603520858 0.7308430794637109 0.4247639424433293
30 0.6515693637863892 0.25511172395638737 0.5619276007636571 0.8338308952059764 0.7743615791250235 0.6311707430046167 0.8611398757606107 0.2093818721857267 0.15166373412915826 0.6047947651889855 1.0355178294578031 0.311302409884665 0.3813487616670598 0.6692281053758876 0.5766527058160743 0.5990916423428055 0.41731132841680685 0.21808009767055775 0.1503910610707964 0.6560614869050004 0.2977105495695441 0.33236500455071977 0.08348865940952699 0.8476622839315195 0.8119399957201271 0.13998164522536513 0.42161264085057987 0.4556106252053392 0.42352006023918154 0.0 0.8777926476822417 0.12021954551985299 0.32902050426227236 0.32902050426227236 0.32902050426227236 0.32902050426227236 0.32902050426227236 0.32902050426227236 0.32902050426227236 0.32902050426227236 0.32902050426227236 0.32902050426227236 0.32902050426227236 0.35902241187006695 0.5302941563179817
31 0.45090620854009106 1.018708029773497 0.8426130336785682 0.5619596975095279 0.546108745672508 0.9402108839244524 0.6818201617728827 0.97854588667318 0.9556016385633712 0.9134264303845164 0.17338276976101166 1.0043289227762984 0.7390686840206396 0.6882088485699672 0.5254089288354358 0.4951871174111864 0.5154919297622418 0.994843954409434 0.9088632577153727 0.36948379832544753 0.8837228371497481 0.5454360648371174 0.8103052639746332 0.06829815315951085 0.09718960656880962 1.0163306300732062 0.552520616085952 0.4291542014532772 1.0250031288976635 0.8777926476822417 0.0 0.8611811974259541 0.5628693927102449 0.5628693927102449 0.5628693927102449 0.5628693927102449 0.5628693927102449 0.5628693927102449 0.5628693927102449 0.5628693927102449 0.5628693927102449 0.5628693927102449 0.5628693927102449 0.6463998400757847 0.6398524464671523
32 0.6982171387899326 0.37254285219958255 0.664730020478239 0.8937510373840133 0.8342753097748967 0.5111613776978853 0.9341922899489163 0.3281757272026681 0.2696327810652852 0.4850735500158712 1.0086521512642501 0.43139269897043925 0.2732572921259376 0.7504475277126309 0.4954349811024652 0.5216891513631465 0.36415360859120977 0.3357239330536327 0.053682282226075295 0.6884109554800825 0.4124960253141841 0.3287409628035423 0.08315856314896262 0.8228446403331555 0.7858704576614393 0.1892072346000543 0.472512935272676 0.4612403787885445 0.5435042506273524 0.12021954551985299 0.8611811974259541 0.0 0.35329209650089827 0.35329209650089827 0.35329209650089827 0.35329209650089827 0.35329209650089827 0.35329209650089827 0.35329209650089827 0.35329209650089827 0.35329209650089827 0.35329209650089827 0.35329209650089827 0.27441229099659514 0.6065711050239699
33 0.3488823458560207 0.46086964070656683 0.4557643853187741 0.5528365074097404 0.49446812703145987 0.7039880116166752 0.6110570049103438 0.4182735535806681 0.39276216279702914 0.6724548790997058 0.7289809634002797 0.4592255918663506 0.4089732321925238 0.4535872508128949 0.43571660244934435 0.44058385013524953 0.2422728461879292 0.4344241247041881 0.40692082574500904 0.3352127093727206 0.3515133002462354 0.0789438548906753 0.27986705008807305 0.542822529953391 0.509927685289787 0.4686979214003407 0.14051441936683937 0.13374983411204666 0.5103704603520858 0.32902050426227236 0.5628693927102449 0.35329209650089827 0.0 0.0 0.0 0.0 0.0 0.0 0.0 0.0 0.0 0.0 0.0 0.3111269837220809 0.3111269837220809
34 0.3488823458560207 0.46086964070656683 0.4557643853187741 0.5528365074097404 0.49446812703145987 0.7039880116166752 0.6110570049103438 0.4182735535806681 0.39276216279702914 0.6724548790997058 0.7289809634002797 0.4592255918663506 0.4089732321925238 0.4535872508128949 0.43571660244934435 0.44058385013524953 0.2422728461879292 0.4344241247041881 0.40692082574500904 0.3352127093727206 0.3515133002462354 0.0789438548906753 0.27986705008807305 0.542822529953391 0.509927685289787 0.4686979214003407 0.14051441936683937 0.13374983411204666 0.5103704603520858 0.32902050426227236 0.5628693927102449 0.35329209650089827 0.0 0.0 0.0 0.0 0.0 0.0 0.0 0.0 0.0 0.0 0.0 0.3111269837220809 0.3111269837220809
35 0.3488823458560207 0.46086964070656683 0.4557643853187741 0.5528365074097404 0.49446812703145987 0.7039880116166752 0.6110570049103438 0.4182735535806681 0.39276216279702914 0.6724548790997058 0.7289809634002797 0.4592255918663506 0.4089732321925238 0.4535872508128949 0.43571660244934435 0.44058385013524953 0.2422728461879292 0.4344241247041881 0.40692082574500904 0.3352127093727206 0.3515133002462354 0.0789438548906753 0.27986705008807305 0.542822529953391 0.509927685289787 0.4686979214003407 0.14051441936683937 0.13374983411204666 0.5103704603520858 0.32902050426227236 0.5628693927102449 0.35329209650089827 0.0 0.0 0.0 0.0 0.0 0.0 0.0 0.0 0.0 0.0 0.0 0.3111269837220809 0.3111269837220809
36 0.3488823458560207 0.46086964070656683 0.4557643853187741 0.5528365074097404 0.49446812703145987 0.7039880116166752 0.6110570049103438 0.4182735535806681 0.39276216279702914 0.6724548790997058 0.7289809634002797 0.4592255918663506 0.4089732321925238 0.4535872508128949 0.43571660244934435 0.44058385013524953 0.2422728461879292 0.4344241247041881 0.40692082574500904 0.3352127093727206 0.3515133002462354 0.0789438548906753 0.27986705008807305 0.542822529953391 0.509927685289787 0.4686979214003407 0.14051441936683937 0.13374983411204666 0.5103704603520858 0.32902050426227236 0.5628693927102449 0.35329209650089827 0.0 0.0 0.0 0.0 0.0 0.0 0.0 0.0 0.0 0.0 0.0 0.3111269837220809 0.3111269837220809
37 0.3488823458560207 0.46086964070656683 0.4557643853187741 0.5528365074097404 0.49446812703145987 0.7039880116166752 0.6110570049103438 0.4182735535806681 0.39276216279702914 0.6724548790997058 0.7289809634002797 0.4592255918663506 0.4089732321925238 0.4535872508128949 0.43571660244934435 0.44058385013524953 0.2422728461879292 0.4344241247041881 0.40692082574500904 0.3352127093727206 0.3515133002462354 0.0789438548906753 0.27986705008807305 0.542822529953391 0.509927685289787 0.4686979214003407 0.14051441936683937 0.13374983411204666 0.5103704603520858 0.32902050426227236 0.5628693927102449 0.35329209650089827 0.0 0.0 0.0 0.0 0.0 0.0 0.0 0.0 0.0 0.0 0.0 0.3111269837220809 0.3111269837220809
38 0.3488823458560207 0.46086964070656683 0.4557643853187741 0.5528365074097404 0.49446812703145987 0.7039880116166752 0.6110570049103438 0.4182735535806681 0.39276216279702914 0.6724548790997058 0.7289809634002797 0.4592255918663506 0.4089732321925238 0.4535872508128949 0.43571660244934435 0.44058385013524953 0.2422728461879292 0.4344241247041881 0.40692082574500904 0.3352127093727206 0.3515133002462354 0.0789438548906753 0.27986705008807305 0.542822529953391 0.509927685289787 0.4686979214003407 0.14051441936683937 0.13374983411204666 0.5103704603520858 0.32902050426227236 0.5628693927102449 0.35329209650089827 0.0 0.0 0.0 0.0 0.0 0.0 0.0 0.0 0.0 0.0 0.0 0.3111269837220809 0.3111269837220809
39 0.3488823458560207 0.46086964070656683 0.4557643853187741 0.5528365074097404 0.49446812703145987 0.7039880116166752 0.6110570049103438 0.4182735535806681 0.39276216279702914 0.6724548790997058 0.7289809634002797 0.4592255918663506 0.4089732321925238 0.4535872508128949 0.43571660244934435 0.44058385013524953 0.2422728461879292 0.4344241247041881 0.40692082574500904 0.3352127093727206 0.3515133002462354 0.0789438548906753 0.27986705008807305 0.542822529953391 0.509927685289787 0.4686979214003407 0.14051441936683937 0.13374983411204666 0.5103704603520858 0.32902050426227236 0.5628693927102449 0.35329209650089827 0.0 0.0 0.0 0.0 0.0 0.0 0.0 0.0 0.0 0.0 0.0 0.3111269837220809 0.3111269837220809
40 0.3488823458560207 0.46086964070656683 0.4557643853187741 0.5528365074097404 0.49446812703145987 0.7039880116166752 0.6110570049103438 0.4182735535806681 0.39276216279702914 0.6724548790997058 0.7289809634002797 0.4592255918663506 0.4089732321925238 0.4535872508128949 0.43571660244934435 0.44058385013524953 0.2422728461879292 0.4344241247041881 0.40692082574500904 0.3352127093727206 0.3515133002462354 0.0789438548906753 0.27986705008807305 0.542822529953391 0.509927685289787 0.4686979214003407 0.14051441936683937 0.13374983411204666 0.5103704603520858 0.32902050426227236 0.5628693927102449 0.35329209650089827 0.0 0.0 0.0 0.0 0.0 0.0 0.0 0.0 0.0 0.0 0.0 0.3111269837220809 0.3111269837220809
41 0.3488823458560207 0.46086964070656683 0.4557643853187741 0.5528365074097404 0.49446812703145987 0.7039880116166752 0.6110570049103438 0.4182735535806681 0.39276216279702914 0.6724548790997058 0.7289809634002797 0.4592255918663506 0.4089732321925238 0.4535872508128949 0.43571660244934435 0.44058385013524953 0.2422728461879292 0.4344241247041881 0.40692082574500904 0.3352127093727206 0.3515133002462354 0.0789438548906753 0.27986705008807305 0.542822529953391 0.509927685289787 0.4686979214003407 0.14051441936683937 0.13374983411204666 0.5103704603520858 0.32902050426227236 0.5628693927102449 0.35329209650089827 0.0 0.0 0.0 0.0 0.0 0.0 0.0 0.0 0.0 0.0 0.0 0.3111269837220809 0.3111269837220809
42 0.3488823458560207 0.46086964070656683 0.4557643853187741 0.5528365074097404 0.49446812703145987 0.7039880116166752 0.6110570049103438 0.4182735535806681 0.39276216279702914 0.6724548790997058 0.7289809634002797 0.4592255918663506 0.4089732321925238 0.4535872508128949 0.43571660244934435 0.44058385013524953 0.2422728461879292 0.4344241247041881 0.40692082574500904 0.3352127093727206 0.3515133002462354 0.0789438548906753 0.27986705008807305 0.542822529953391 0.509927685289787 0.4686979214003407 0.14051441936683937 0.13374983411204666 0.5103704603520858 0.32902050426227236 0.5628693927102449 0.35329209650089827 0.0 0.0 0.0 0.0 0.0 0.0 0.0 0.0 0.0 0.0 0.0 0.3111269837220809 0.3111269837220809
43 0.3488823458560207 0.46086964070656683 0.4557643853187741 0.5528365074097404 0.49446812703145987 0.7039880116166752 0.6110570049103438 0.4182735535806681 0.39276216279702914 0.6724548790997058 0.7289809634002797 0.4592255918663506 0.4089732321925238 0.4535872508128949 0.43571660244934435 0.44058385013524953 0.2422728461879292 0.4344241247041881 0.40692082574500904 0.3352127093727206 0.3515133002462354 0.0789438548906753 0.27986705008807305 0.542822529953391 0.509927685289787 0.4686979214003407 0.14051441936683937 0.13374983411204666 0.5103704603520858 0.32902050426227236 0.5628693927102449 0.35329209650089827 0.0 0.0 0.0 0.0 0.0 0.0 0.0 0.0 0.0 0.0 0.0 0.3111269837220809 0.3111269837220809
44 0.6276308558778798 0.6021712594644485 0.7534561532863078 0.8389224063791597 0.7836950482489984 0.39457055199292307 0.9115458645893798 0.5539120558581481 0.5020501135593937 0.3629255632013264 0.7736250028275973 0.6397308373253552 0.1072749022371962 0.7640639986938267 0.2211518881899949 0.24740195835926607 0.1350323368678777 0.5660357940316143 0.3044174082160874 0.5854705462489126 0.5739818814649117 0.23697411720481207 0.27607999877752826 0.5963761388796504 0.5589880537408648 0.46300965597382526 0.44994922163506407 0.3376916020942777 0.7308430794637109 0.35902241187006695 0.6463998400757847 0.27441229099659514 0.3111269837220809 0.3111269837220809 0.3111269837220809 0.3111269837220809 0.3111269837220809 0.3111269837220809 0.3111269837220809 0.3111269837220809 0.3111269837220809 0.3111269837220809 0.3111269837220809 0.0 0.6222539674441618
45 0.2076470352545396 0.5057582680737903 0.2033375885688625 0.3179081690126883 0.2615712687777463 1.0144517339430201 0.33085565319335253 0.486504846455819 0.500069911637363 0.9829934712016148 0.8111293639118238 0.4540052248873354 0.718756081469924 0.14590748472919404 0.7241476076394923 0.7215403862570688 0.5410716514473846 0.5006516954180821 0.6573424970477719 0.2748806295921923 0.33356858402733314 0.3871789408335634 0.5234796707848357 0.6536421796556584 0.633391541011561 0.6469756885115545 0.17502657526787183 0.33962099187918293 0.4247639424433293 0.5302941563179817 0.6398524464671523 0.6065711050239699 0.3111269837220809 0.3111269837220809 0.3111269837220809 0.3111269837220809 0.3111269837220809 0.3111269837220809 0.3111269837220809 0.3111269837220809 0.3111269837220809 0.3111269837220809 0.3111269837220809 0.6222539674441618 0.0
;
param alpha := 43 0.055 44 0.055 45 0.055;
param Tp := 240;
param w1 := 0.75;
param w2 := 0.25;
param M:
 1 2 3 4 5 6 7 8 9 10 11 12 13 14 15 16 17 18 19 20 21 22 23 24 25 26 27 28 29 30 31 32 33 34 35 36 37 38 39 40 41 42 43 44 45:=
1 1443.0 1443.0 1443.0 1443.0 1443.0 1443.0 1443.0 1443.0 2079.7052531847057 3325.675359700923 2273.458880017548 1478.2259873530893 3737.831502910835 1707.8086512370774 3603.876197118197 3268.5139603497973 2731.178442996156 2977.674787414259 2741.5925296354512 1743.8129563782118 2419.1715981322136 2193.7607258621083 3043.6489997160525 2802.6606906728603 1443.0 1443.0 1443.0 1443.0 1443.0 1443.0 1443.0 1443.0 1443.0 1443.0 1443.0 1443.0 1443.0 1443.0 1443.0 1443.0 1443.0 1443.0 1443.0 1443.0 1443.0
2 1443.0 1443.0 1443.0 1443.0 1443.0 1443.0 1443.0 1443.0 1542.6871532044124 3079.0985713886557 3041.0741903591334 1447.4128235858689 3430.129518174394 2122.173936994788 4082.0568076381005 3764.951642205324 3029.2756406892213 1527.1832079455278 2114.9102388340275 4002.1966709301573 1767.1071558435574 2384.859495552282 2296.9670090536283 4305.741375231091 1443.0 1443.0 1443.0 1443.0 1443.0 1443.0 1443.0 1443.0 1443.0 1443.0 1443.0 1443.0 1443.0 1443.0 1443.0 1443.0 1443.0 1443.0 1443.0 1443.0 1443.0
3 1443.0 1443.0 1443.0 1443.0 1443.0 1443.0 1443.0 1443.0 1902.347333953295 3543.1583445302404 2806.2415390164724 1463.022003596044 4061.702259440733 1675.7892754338138 4339.177987797884 3940.7885904976024 3194.046697571484 2466.262460222205 2666.1170642461007 3128.128985241189 1971.0132932995152 2443.977773024956 2953.4241032107507 3889.223826734586 1443.0 1443.0 1443.0 1443.0 1443.0 1443.0 1443.0 1443.0 1443.0 1443.0 1443.0 1443.0 1443.0 1443.0 1443.0 1443.0 1443.0 1443.0 1443.0 1443.0 1443.0
4 1443.0 1443.0 1443.0 1443.0 1443.0 1443.0 1443.0 1443.0 2230.452179735379 3729.1468649673407 2390.0389235696703 1484.8005191355323 4397.9793274106 1699.0172616153059 4268.770816103988 3833.8054015808143 3260.270504699837 3302.9831316439404 3078.365821903466 2399.3782902178405 2659.29382044677 2585.5797103125888 3541.6449076697086 3175.1205995541995 1443.0 1443.0 1443.0 1443.0 1443.0 1443.0 1443.0 1443.0 1443.0 1443.0 1443.0 1443.0 1443.0 1443.0 1443.0 1443.0 1443.0 1443.0 1443.0 1443.0 1443.0
5 1443.0 1443.0 1443.0 1443.0 1443.0 1443.0 1443.0 1443.0 2174.862599394859 3626.122268455205 2380.4356041926294 1481.8898923757831 4223.850042173436 1654.708372026238 4114.385781004308 3704.771749490209 3127.8198061442654 3175.1942957200267 2975.5797408373246 2243.1542901997086 2556.4368793497006 2478.9687004736193 3387.910136791929 3114.773753001584 1443.0 1443.0 1443.0 1443.0 1443.0 1443.0 1443.0 1443.0 1443.0 1443.0 1443.0 1443.0 1443.0 1443.0 1443.0 1443.0 1443.0 1443.0 1443.0 1443.0 1443.0
6 1443.0 1443.0 1443.0 1443.0 1443.0 1443.0 1443.0 1443.0 2194.8712050511044 1503.4319470561722 2815.2361829889196 1494.4076156323165 2368.6690688318367 2726.8515100742766 2793.8020069018257 2689.1698650505073 2711.8044207300036 3365.3997251157207 2298.0303414060813 4876.3205883990795 3150.8256841592465 2625.4842003498397 2915.796406124078 3946.3099780093153 1443.0 1443.0 1443.0 1443.0 1443.0 1443.0 1443.0 1443.0 1443.0 1443.0 1443.0 1443.0 1443.0 1443.0 1443.0 1443.0 1443.0 1443.0 1443.0 1443.0 1443.0
7 1443.0 1443.0 1443.0 1443.0 1443.0 1443.0 1443.0 1443.0 2236.2160625031493 3874.6719315370237 2551.745795561814 1483.850852830755 4617.8553922243445 1665.8995256567407 4573.575475897682 4103.104413266517 3464.5369085069906 3294.4104631672035 3145.822795573574 2756.929809512289 2644.1973050402667 2710.161597178908 3641.3598045497465 3513.5977186254695 1443.0 1443.0 1443.0 1443.0 1443.0 1443.0 1443.0 1443.0 1443.0 1443.0 1443.0 1443.0 1443.0 1443.0 1443.0 1443.0 1443.0 1443.0 1443.0 1443.0 1443.0
8 1443.0 1443.0 1443.0 1443.0 1443.0 1443.0 1443.0 1443.0 1499.7598575227246 2995.483230054354 2985.7133472230025 1448.8848592166678 3283.1548193692834 2109.6370061862754 3924.7766710058745 3629.9213583931178 2909.3788376337134 1480.129839751876 2043.7167384466659 3890.391234968369 1746.1667258209582 2299.6439223586426 2174.3899645633646 4186.209383506844 1443.0 1443.0 1443.0 1443.0 1443.0 1443.0 1443.0 1443.0 1443.0 1443.0 1443.0 1443.0 1443.0 1443.0 1443.0 1443.0 1443.0 1443.0 1443.0 1443.0 1443.0
9 71.0 71.0 71.0 71.0 71.0 71.0 71.0 71.0 71.0 1511.4975448260923 1579.6049978241488 80.0379649258005 1735.47464227245 762.2399446972087 2394.9117497712773 2125.6571788802144 1427.6670228423775 221.94711408304568 570.1184277303335 2496.857699876479 435.7735511423491 863.9358518442713 660.5938496287083 2738.279103854338 71.0 71.0 71.0 71.0 71.0 71.0 71.0 71.0 71.0 71.0 71.0 71.0 71.0 71.0 71.0 71.0 71.0 71.0 71.0 71.0 71.0
10 123.0 123.0 123.0 123.0 123.0 123.0 123.0 123.0 850.1082845312657 123.0 1463.2382129114212 172.96486733695988 950.8841714636171 1371.8693396576762 1385.830740812481 1295.141143973711 1313.306446661531 1987.5021118250309 936.4665888959423 3445.656127166939 1777.4176044484657 1246.2510092806506 1523.6678025713304 2551.3048245852497 123.0 123.0 123.0 123.0 123.0 123.0 123.0 123.0 123.0 123.0 123.0 123.0 123.0 123.0 123.0 123.0 123.0 123.0 123.0 123.0 123.0
11 92.0 92.0 92.0 92.0 92.0 92.0 92.0 92.0 1172.487363306485 1993.6893561580976 92.0 156.13119113972544 2769.646337412019 1036.3516919813296 2098.3190865288598 1725.576717013315 1724.4341926828167 2734.8434054300305 1912.0301547845297 2000.5919539872843 2069.4486324883383 1411.0518168006136 2581.383953274383 628.3753523764863 92.0 92.0 92.0 92.0 92.0 92.0 92.0 92.0 92.0 92.0 92.0 92.0 92.0 92.0 92.0 92.0 92.0 92.0 92.0 92.0 92.0
12 21.0 21.0 21.0 21.0 21.0 21.0 21.0 21.0 180.6707136891421 1769.7703567935957 1602.9027147798943 21.0 2159.101615100648 630.2230514557044 2754.2056525415355 2416.557893726637 1661.7234609951793 264.6239417627093 805.4552275624147 2462.347480265765 255.37796544257307 979.5329971962362 998.5215023026348 2857.9340285568856 21.0 21.0 21.0 21.0 21.0 21.0 21.0 21.0 21.0 21.0 21.0 21.0 21.0 21.0 21.0 21.0 21.0 21.0 21.0 21.0 21.0
13 190.0 190.0 190.0 190.0 190.0 190.0 190.0 190.0 702.8904420955805 695.3944069981384 1342.010633537729 227.29247003082526 190.0 1146.4727523322344 1039.042720569466 1010.7753590112218 788.931097132216 1550.0615163017444 681.76045959898 2645.9219164552037 1378.0654557354994 824.2943805592164 978.9466967064378 2146.045408460908 190.0 190.0 190.0 190.0 190.0 190.0 190.0 190.0 190.0 190.0 190.0 190.0 190.0 190.0 190.0 190.0 190.0 190.0 190.0 190.0 190.0
14 79.0 79.0 79.0 79.0 79.0 79.0 79.0 79.0 679.5855257205255 2228.693125640262 1224.6069706003013 108.96178941585433 2775.939563953186 79.0 2850.210744113482 2447.0559319103927 1773.7502390853938 1473.6767826722432 1461.7367876515762 1224.7231762188458 903.837543719974 1066.8986664375047 1801.8190071867675 2120.2173790777406 79.0 79.0 79.0 79.0 79.0 79.0 79.0 79.0 79.0 79.0 79.0 79.0 79.0 79.0 79.0 79.0 79.0 79.0 79.0 79.0 79.0
15 197.0 197.0 197.0 197.0 197.0 197.0 197.0 197.0 885.085601887585 937.7666356721257 1026.4280022521543 242.80791596438328 1012.8399326142354 1141.3790803962147 197.0 291.1183192795111 686.2212306186232 1960.1882388517115 1100.3758799774323 2319.677397162602 1617.0831993260113 868.6500794647463 1470.2841965955597 1518.834058047 197.0 197.0 197.0 197.0 197.0 197.0 197.0 197.0 197.0 197.0 197.0 197.0 197.0 197.0 197.0 197.0 197.0 197.0 197.0 197.0 197.0
16 172.0 172.0 172.0 172.0 172.0 172.0 172.0 172.0 879.1222758483855 971.1871436184393 956.9654354479566 218.66671221545397 1088.7101412333127 1109.996180821649 281.39726721449665 172.0 684.7407038728251 1977.9636667510786 1123.7085633349109 2242.9486300787376 1614.9272977728297 855.9268019993076 1503.2962874086293 1405.3306553609214 172.0 172.0 172.0 172.0 172.0 172.0 172.0 172.0 172.0 172.0 172.0 172.0 172.0 172.0 172.0 172.0 172.0 172.0 172.0 172.0 172.0
17 156.0 156.0 156.0 156.0 156.0 156.0 156.0 156.0 677.038784135116 1061.6679485468171 1031.3632627429597 191.66790132598214 902.4938312082692 905.1287288710799 790.5695672516924 728.1889014232976 156.0 1516.7189563333789 856.4746326777295 1796.9519266952946 1216.4511550514715 463.5131023826464 1024.0906453429848 1494.3688655677106 156.0 156.0 156.0 156.0 156.0 156.0 156.0 156.0 156.0 156.0 156.0 156.0 156.0 156.0 156.0 156.0 156.0 156.0 156.0 156.0 156.0
18 143.0 143.0 143.0 143.0 143.0 143.0 143.0 143.0 207.00157637121137 1709.1817739330259 1707.563296014578 148.846974602305 2014.4446464312005 823.6022699440547 2667.885558035651 2367.9472374373286 1645.23372779205 143.0 752.9246373528455 2647.041521061502 468.0913830309871 1028.8201805840731 901.8867142070679 2932.40962876233 143.0 143.0 143.0 143.0 143.0 143.0 143.0 143.0 143.0 143.0 143.0 143.0 143.0 143.0 143.0 143.0 143.0 143.0 143.0 143.0 143.0
19 113.0 113.0 113.0 113.0 113.0 113.0 113.0 113.0 391.45554389165966 1012.0946508849889 1530.7076995163704 137.77227034407625 1003.3452531686795 1000.8625689131173 1815.1503422732671 1655.7696710902767 1130.531571679228 915.5324175695335 113.0 2743.6960363466546 952.1125028915968 826.0701232838185 460.1666229348669 2593.1227237687253 113.0 113.0 113.0 113.0 113.0 113.0 113.0 113.0 113.0 113.0 113.0 113.0 113.0 113.0 113.0 113.0 113.0 113.0 113.0 113.0 113.0
20 213.0 213.0 213.0 213.0 213.0 213.0 213.0 213.0 872.3356825305301 2002.122530012967 937.2861774105592 250.5591920040887 2379.249075027154 571.4057115351261 2161.508995344132 1848.5184052929517 1374.2890558151316 1818.1548211932704 1494.621145912473 213.0 1268.223257230905 910.6906613865489 1799.3866946920602 1332.5960504574853 213.0 213.0 213.0 213.0 213.0 213.0 213.0 213.0 213.0 213.0 213.0 213.0 213.0 213.0 213.0 213.0 213.0 213.0 213.0 213.0 213.0
21 121.0 121.0 121.0 121.0 121.0 121.0 121.0 121.0 308.69901175285924 1807.5422181270767 1541.6912505256025 127.82654268279339 2104.953964917533 609.4960210380428 2588.9115794112236 2278.3864452137454 1541.7986349233308 515.5283774647902 894.9387162592398 2118.7527685439463 121.0 894.489903022011 1005.0908254087925 2621.440127573744 121.0 121.0 121.0 121.0 121.0 121.0 121.0 121.0 121.0 121.0 121.0 121.0 121.0 121.0 121.0 121.0 121.0 121.0 121.0 121.0 121.0
22 121.0 121.0 121.0 121.0 121.0 121.0 121.0 121.0 529.0155354150133 1266.0617084899836 1068.6682955654894 148.91843681154086 1180.2100335551963 706.0662005115319 1288.2365458659183 1143.5701699795472 533.0078459107301 1196.0244910000888 778.6860360384733 1441.870669615311 894.489903022011 121.0 811.2967469139631 1595.2782696038087 121.0 121.0 121.0 121.0 121.0 121.0 121.0 121.0 121.0 121.0 121.0 121.0 121.0 121.0 121.0 121.0 121.0 121.0 121.0 121.0 121.0
23 160.0 160.0 160.0 160.0 160.0 160.0 160.0 160.0 380.05967626987 1195.7050652816176 1457.2845953683407 180.65186272470356 1115.625576292305 900.0842213971325 1765.0554309197546 1603.8001990206262 1003.6373877276895 828.0340794076303 392.2593604141715 2338.488770879942 801.2771480077861 660.7082037474521 160.0 2377.3182535815645 160.0 160.0 160.0 160.0 160.0 160.0 160.0 160.0 160.0 160.0 160.0 160.0 160.0 160.0 160.0 160.0 160.0 160.0 160.0 160.0 160.0
24 175.0 175.0 175.0 175.0 175.0 175.0 175.0 175.0 1075.4190605368149 1799.0255196270778 427.81386035579607 229.2089304819787 2317.9287277406124 968.0844593868928 1682.0592126777901 1384.763827551477 1351.40065890665 2395.8675388235115 1675.7112022804388 1565.5810817784054 1815.4161346502906 1142.201667319696 2180.472560564218 175.0 175.0 175.0 175.0 175.0 175.0 175.0 175.0 175.0 175.0 175.0 175.0 175.0 175.0 175.0 175.0 175.0 175.0 175.0 175.0 175.0 175.0
25 1443.0 1443.0 1443.0 1443.0 1443.0 1443.0 1443.0 1443.0 2310.882565615879 3002.248097978638 1744.0257150278028 1495.5351867799097 3470.2822812070353 2220.788333369047 2838.571580050626 2558.2337311774604 2525.4143723824072 3589.2224736149797 2879.5305311061093 2783.983482616397 3027.921632751916 2344.400638153757 3354.7792610194306 1549.9521520774595 1443.0 1443.0 1443.0 1443.0 1443.0 1443.0 1443.0 1443.0 1443.0 1443.0 1443.0 1443.0 1443.0 1443.0 1443.0 1443.0 1443.0 1443.0 1443.0 1443.0 1443.0
26 1443.0 1443.0 1443.0 1443.0 1443.0 1443.0 1443.0 1443.0 1608.7625308988736 2662.3221737506456 3020.195150873854 1460.8610335647186 2874.589353930798 2307.1964640549045 3669.6321134900127 3430.4660850852274 2803.3658737810206 1943.628854541965 1745.1015833291842 4253.856055866256 2126.6033025029938 2325.206694902051 1981.958563490738 4253.553960145224 1443.0 1443.0 1443.0 1443.0 1443.0 1443.0 1443.0 1443.0 1443.0 1443.0 1443.0 1443.0 1443.0 1443.0 1443.0 1443.0 1443.0 1443.0 1443.0 1443.0 1443.0
27 1443.0 1443.0 1443.0 1443.0 1443.0 1443.0 1443.0 1443.0 1867.542111749824 2993.624091366118 2419.102227896238 1467.8764307126244 3160.733920834074 1791.4238089023195 3237.8518067729156 2984.831157119352 2361.8691424789495 2498.0728721870355 2351.132270225544 2306.8703581122572 2066.425740645989 1842.657214964274 2456.1766870136717 3011.8836863850042 1443.0 1443.0 1443.0 1443.0 1443.0 1443.0 1443.0 1443.0 1443.0 1443.0 1443.0 1443.0 1443.0 1443.0 1443.0 1443.0 1443.0 1443.0 1443.0 1443.0 1443.0
28 1443.0 1443.0 1443.0 1443.0 1443.0 1443.0 1443.0 1443.0 1950.3654151654407 2768.4702604736176 2244.223233554794 1474.9888321762455 2833.695095065773 1956.552841274391 2707.277506866669 2516.1559916899314 2000.2431968790647 2732.5895664900518 2329.950577343518 2324.7440302037776 2327.9814724574744 1691.7863031961365 2467.619516117081 2613.160423124966 1443.0 1443.0 1443.0 1443.0 1443.0 1443.0 1443.0 1443.0 1443.0 1443.0 1443.0 1443.0 1443.0 1443.0 1443.0 1443.0 1443.0 1443.0 1443.0 1443.0 1443.0
29 1443.0 1443.0 1443.0 1443.0 1443.0 1443.0 1443.0 1443.0 1716.992290046636 3400.623314334246 3055.164441567919 1449.6058235671262 3897.0150014667797 1988.084545313844 4434.869260848474 4052.159642116212 3268.7847894732827 1961.810372992869 2427.796013306817 3871.156137715406 1745.4094383480779 2518.0582109974325 2691.5367825691 4361.701806136592 1443.0 1443.0 1443.0 1443.0 1443.0 1443.0 1443.0 1443.0 1443.0 1443.0 1443.0 1443.0 1443.0 1443.0 1443.0 1443.0 1443.0 1443.0 1443.0 1443.0 1443.0
30 1443.0 1443.0 1443.0 1443.0 1443.0 1443.0 1443.0 1443.0 1589.1486892517344 2597.608188088063 2836.242170543226 1459.9801314482545 2635.5815819406234 2185.23480778053 3319.742442565042 3120.4565985598556 2490.0720603912605 1938.636585614904 1702.7663782131938 3769.0361808450016 2000.53066555751 2065.429008522257 1658.5525388391425 3862.6905195863374 1443.0 1443.0 1443.0 1443.0 1443.0 1443.0 1443.0 1443.0 1443.0 1443.0 1443.0 1443.0 1443.0 1443.0 1443.0 1443.0 1443.0 1443.0 1443.0 1443.0 1443.0
31 1443.0 1443.0 1443.0 1443.0 1443.0 1443.0 1443.0 1443.0 2363.852488070158 3186.81409437044 1676.278635678452 1497.78157760598 3754.2693391190915 2206.2861775048727 3152.967241118964 2829.523928751322 2736.4161146761703 3704.008987294168 3012.8547178720073 2752.9880122447685 3097.9718586622557 2464.4529941495107 3535.0608633526895 1637.960182655331 1443.0 1443.0 1443.0 1443.0 1443.0 1443.0 1443.0 1443.0 1443.0 1443.0 1443.0 1443.0 1443.0 1443.0 1443.0 1443.0 1443.0 1443.0 1443.0 1443.0 1443.0
32 1443.0 1443.0 1443.0 1443.0 1443.0 1443.0 1443.0 1443.0 1702.8279526629112 2369.0495045757543 2800.095621700991 1466.530510852933 2297.5500771938414 2275.3145307358272 3055.4156657698413 2903.72962381681 2356.6945088288535 2206.008938758256 1535.7239420268572 3883.729751247565 2215.492556497472 2058.6421667048157 1657.700290311867 3791.8474278600984 1443.0 1443.0 1443.0 1443.0 1443.0 1443.0 1443.0 1443.0 1443.0 1443.0 1443.0 1443.0 1443.0 1443.0 1443.0 1443.0 1443.0 1443.0 1443.0 1443.0 1443.0
33 240.0 240.0 240.0 240.0 240.0 240.0 240.0 240.0 618.4799023316826 1523.7774964630746 1220.81075075674 265.0486686472555 1518.9708352202563 743.0694963561198 1658.0594879715024 1473.6347803786987 847.8845958897132 1227.3275561458822 942.8632444686519 1428.4814241396457 898.2885440974953 387.84031006799194 962.5658384092068 1789.511585503316 240.0 240.0 240.0 240.0 240.0 240.0 240.0 240.0 240.0 240.0 240.0 240.0 240.0 240.0 240.0 240.0 240.0 240.0 240.0 240.0 240.0
34 240.0 240.0 240.0 240.0 240.0 240.0 240.0 240.0 618.4799023316826 1523.7774964630746 1220.81075075674 265.0486686472555 1518.9708352202563 743.0694963561198 1658.0594879715024 1473.6347803786987 847.8845958897132 1227.3275561458822 942.8632444686519 1428.4814241396457 898.2885440974953 387.84031006799194 962.5658384092068 1789.511585503316 240.0 240.0 240.0 240.0 240.0 240.0 240.0 240.0 240.0 240.0 240.0 240.0 240.0 240.0 240.0 240.0 240.0 240.0 240.0 240.0 240.0
35 240.0 240.0 240.0 240.0 240.0 240.0 240.0 240.0 618.4799023316826 1523.7774964630746 1220.81075075674 265.0486686472555 1518.9708352202563 743.0694963561198 1658.0594879715024 1473.6347803786987 847.8845958897132 1227.3275561458822 942.8632444686519 1428.4814241396457 898.2885440974953 387.84031006799194 962.5658384092068 1789.511585503316 240.0 240.0 240.0 240.0 240.0 240.0 240.0 240.0 240.0 240.0 240.0 240.0 240.0 240.0 240.0 240.0 240.0 240.0 240.0 240.0 240.0
36 240.0 240.0 240.0 240.0 240.0 240.0 240.0 240.0 618.4799023316826 1523.7774964630746 1220.81075075674 265.0486686472555 1518.9708352202563 743.0694963561198 1658.0594879715024 1473.6347803786987 847.8845958897132 1227.3275561458822 942.8632444686519 1428.4814241396457 898.2885440974953 387.84031006799194 962.5658384092068 1789.511585503316 240.0 240.0 240.0 240.0 240.0 240.0 240.0 240.0 240.0 240.0 240.0 240.0 240.0 240.0 240.0 240.0 240.0 240.0 240.0 240.0 240.0
37 240.0 240.0 240.0 240.0 240.0 240.0 240.0 240.0 618.4799023316826 1523.7774964630746 1220.81075075674 265.0486686472555 1518.9708352202563 743.0694963561198 1658.0594879715024 1473.6347803786987 847.8845958897132 1227.3275561458822 942.8632444686519 1428.4814241396457 898.2885440974953 387.84031006799194 962.5658384092068 1789.511585503316 240.0 240.0 240.0 240.0 240.0 240.0 240.0 240.0 240.0 240.0 240.0 240.0 240.0 240.0 240.0 240.0 240.0 240.0 240.0 240.0 240.0
38 240.0 240.0 240.0 240.0 240.0 240.0 240.0 240.0 618.4799023316826 1523.7774964630746 1220.81075075674 265.0486686472555 1518.9708352202563 743.0694963561198 1658.0594879715024 1473.6347803786987 847.8845958897132 1227.3275561458822 942.8632444686519 1428.4814241396457 898.2885440974953 387.84031006799194 962.5658384092068 1789.511585503316 240.0 240.0 240.0 240.0 240.0 240.0 240.0 240.0 240.0 240.0 240.0 240.0 240.0 240.0 240.0 240.0 240.0 240.0 240.0 240.0 240.0
39 240.0 240.0 240.0 240.0 240.0 240.0 240.0 240.0 618.4799023316826 1523.7774964630746 1220.81075075674 265.0486686472555 1518.9708352202563 743.0694963561198 1658.0594879715024 1473.6347803786987 847.8845958897132 1227.3275561458822 942.8632444686519 1428.4814241396457 898.2885440974953 387.84031006799194 962.5658384092068 1789.511585503316 240.0 240.0 240.0 240.0 240.0 240.0 240.0 240.0 240.0 240.0 240.0 240.0 240.0 240.0 240.0 240.0 240.0 240.0 240.0 240.0 240.0
40 240.0 240.0 240.0 240.0 240.0 240.0 240.0 240.0 618.4799023316826 1523.7774964630746 1220.81075075674 265.0486686472555 1518.9708352202563 743.0694963561198 1658.0594879715024 1473.6347803786987 847.8845958897132 1227.3275561458822 942.8632444686519 1428.4814241396457 898.2885440974953 387.84031006799194 962.5658384092068 1789.511585503316 240.0 240.0 240.0 240.0 240.0 240.0 240.0 240.0 240.0 240.0 240.0 240.0 240.0 240.0 240.0 240.0 240.0 240.0 240.0 240.0 240.0
41 240.0 240.0 240.0 240.0 240.0 240.0 240.0 240.0 618.4799023316826 1523.7774964630746 1220.81075075674 265.0486686472555 1518.9708352202563 743.0694963561198 1658.0594879715024 1473.6347803786987 847.8845958897132 1227.3275561458822 942.8632444686519 1428.4814241396457 898.2885440974953 387.84031006799194 962.5658384092068 1789.511585503316 240.0 240.0 240.0 240.0 240.0 240.0 240.0 240.0 240.0 240.0 240.0 240.0 240.0 240.0 240.0 240.0 240.0 240.0 240.0 240.0 240.0
42 240.0 240.0 240.0 240.0 240.0 240.0 240.0 240.0 618.4799023316826 1523.7774964630746 1220.81075075674 265.0486686472555 1518.9708352202563 743.0694963561198 1658.0594879715024 1473.6347803786987 847.8845958897132 1227.3275561458822 942.8632444686519 1428.4814241396457 898.2885440974953 387.84031006799194 962.5658384092068 1789.511585503316 240.0 240.0 240.0 240.0 240.0 240.0 240.0 240.0 240.0 240.0 240.0 240.0 240.0 240.0 240.0 240.0 240.0 240.0 240.0 240.0 240.0
43 240.0 240.0 240.0 240.0 240.0 240.0 240.0 240.0 618.4799023316826 1523.7774964630746 1220.81075075674 265.0486686472555 1518.9708352202563 743.0694963561198 1658.0594879715024 1473.6347803786987 847.8845958897132 1227.3275561458822 942.8632444686519 1428.4814241396457 898.2885440974953 387.84031006799194 962.5658384092068 1789.511585503316 240.0 240.0 240.0 240.0 240.0 240.0 240.0 240.0 240.0 240.0 240.0 240.0 240.0 240.0 240.0 240.0 240.0 240.0 240.0 240.0 240.0
44 240.0 240.0 240.0 240.0 240.0 240.0 240.0 240.0 723.7937457935975 932.8578933843504 1280.8772765316764 274.8944093086557 575.4778760872317 1087.4164349149714 959.7488724728925 932.7254834059449 578.8084088684931 1526.444986435487 765.8118869186965 2315.7592094279626 1314.9115234706528 683.7878922199208 952.7883604801639 1942.3827964382747 240.0 240.0 240.0 240.0 240.0 240.0 240.0 240.0 240.0 240.0 240.0 240.0 240.0 240.0 240.0 240.0 240.0 240.0 240.0 240.0 240.0
45 240.0 240.0 240.0 240.0 240.0 240.0 240.0 240.0 721.8855512141862 2116.623899566719 1331.3376896268176 264.76392135749103 2487.7462911423077 401.82466488146974 2596.771304863075 2260.313081519793 1597.5979618134375 1377.844762313823 1375.4097676279696 1214.5767776450455 864.6829846330057 965.0805619246734 1591.529331844485 2105.8513128352433 240.0 240.0 240.0 240.0 240.0 240.0 240.0 240.0 240.0 240.0 240.0 240.0 240.0 240.0 240.0 240.0 240.0 240.0 240.0 240.0 240.0
;
param G:
 1 2 3 4 5 6 7 8 9 10 11 12 13 14 15 16 17 18 19 20 21 22 23 24 25 26 27 28 29 30 31 32 33 34 35 36 37 38 39 40 41 42 43 44 45:=
1 3.0 3.0 3.0 3.0 3.0 3.0 3.0 3.0 3.0 3.0 3.0 3.0 3.0 3.0 3.0 3.0 2.0 2.0 2.0 2.0 2.0 2.0 2.0 2.0 2.0 2.0 2.0 2.0 2.0 2.0 2.0 2.0 3.0 3.0 3.0 3.0 3.0 3.0 3.0 3.0 3.0 3.0 3.0 3.0 3.0
2 3.0 3.0 3.0 3.0 3.0 3.0 3.0 3.0 3.0 3.0 3.0 3.0 3.0 3.0 3.0 3.0 2.0 2.0 2.0 2.0 2.0 2.0 2.0 2.0 2.0 2.0 2.0 2.0 2.0 2.0 2.0 2.0 3.0 3.0 3.0 3.0 3.0 3.0 3.0 3.0 3.0 3.0 3.0 3.0 3.0
3 3.0 3.0 3.0 3.0 3.0 3.0 3.0 3.0 3.0 3.0 3.0 3.0 3.0 3.0 3.0 3.0 2.0 2.0 2.0 2.0 2.0 2.0 2.0 2.0 2.0 2.0 2.0 2.0 2.0 2.0 2.0 2.0 3.0 3.0 3.0 3.0 3.0 3.0 3.0 3.0 3.0 3.0 3.0 3.0 3.0
4 3.0 3.0 3.0 3.0 3.0 3.0 3.0 3.0 3.0 3.0 3.0 3.0 3.0 3.0 3.0 3.0 2.0 2.0 2.0 2.0 2.0 2.0 2.0 2.0 2.0 2.0 2.0 2.0 2.0 2.0 2.0 2.0 3.0 3.0 3.0 3.0 3.0 3.0 3.0 3.0 3.0 3.0 3.0 3.0 3.0
;
