param n := 16.0;
param numVehicles := 2.0;
set Origin := 33 35 36;
set O := 35 36;
param Ok := 1 35 2 36;
set S := 42 43 44 45 46;
set F := 34 37 38 39 40 41;
param t:
 1 2 3 4 5 6 7 8 9 10 11 12 13 14 15 16 17 18 19 20 21 22 23 24 25 26 27 28 29 30 31 32 33 34 35 36 37 38 39 40 41 42 43 44 45 46:=
1 0.0 3.0406 3.7954 4.6244 2.1972 3.4756 4.2462 4.2878 3.7802 1.62136 2.3808 3.4968 0.94566 3.3332 1.086 3.3472 4.2154 4.0968 1.40094 2.0232 3.996 3.3426 2.8124 4.3324 4.4868 2.2508 3.7916 3.9112 3.3202 2.7896 1.086 0.64868 0.0 0.0 1.70362 4.2786 1.70362 3.6866 4.8434 2.218 4.2786 1.70362 3.6866 4.8434 2.218 4.2786
2 3.6622 0.0 3.8018 1.70656 3.9574 3.828 4.2524 1.36998 2.4044 2.0436 4.141 2.293 4.12 1.95742 4.0814 0.56262 6.2916 1.12896 3.6572 4.2734 2.6204 5.4188 2.2926 2.9566 3.357 5.425 3.7978 0.94354 5.3964 5.0398 4.0814 3.1092 0.0 0.0 3.8498 1.36084 3.8498 0.71884 2.3676 3.9782 1.36084 3.8498 0.71884 2.3676 3.9782 1.36084
3 2.5912 2.3038 0.0 3.8876 2.2946 1.74506 2.1694 3.5512 3.0434 3.1828 2.4782 1.6802 3.479 2.5966 3.0104 2.7938 4.6208 3.36 2.5864 3.2024 3.2594 3.748 2.1218 3.5956 2.6702 4.7782 1.71488 3.1746 3.3456 3.9688 3.0104 3.182 0.0 0.0 2.779 3.542 2.779 2.95 4.1068 2.3154 3.542 2.779 2.95 4.1068 2.3154 3.542
4 3.294 1.54874 2.4338 0.0 3.0094 2.46 2.8844 1.54396 1.03634 2.4276 3.193 0.92506 3.7998 0.5894 3.7134 2.0386 5.3356 2.295 3.2892 3.9054 1.2523 4.4628 1.36656 1.58854 1.98896 5.105 2.4298 2.4196 4.0604 4.6718 3.7134 2.7892 0.0 0.0 3.4818 1.53482 3.4818 2.1948 2.0996 3.0302 1.53482 3.4818 2.1948 2.0996 3.0302 1.53482
5 2.8008 2.5134 1.72236 4.0972 0.0 1.40856 2.173 3.7606 3.253 3.3922 1.57768 1.8897 3.6886 2.806 3.22 3.0032 3.6602 3.5696 2.7958 2.462 3.469 2.7876 2.3312 3.8052 2.8796 3.9616 1.71836 3.3842 2.385 3.1524 3.22 3.3916 0.0 0.0 2.4754 3.7514 2.4754 3.1594 4.3162 2.525 3.7514 2.4754 3.1594 4.3162 2.525 3.7514
6 2.6902 2.4028 1.61178 3.9866 2.3934 0.0 2.0624 3.65 3.1424 3.2816 2.4312 1.7791 3.578 2.6954 3.1094 2.8926 4.5136 3.459 2.6852 3.3014 3.3584 3.641 2.2206 3.6946 2.769 4.815 1.60778 3.2736 3.2384 4.0058 3.1094 3.281 0.0 0.0 2.8778 3.6408 2.8778 3.0488 4.2058 2.4144 3.6408 2.8778 3.0488 4.2058 2.4144 3.6408
7 3.9308 2.1894 1.52642 2.8072 3.634 3.0846 0.0 2.4706 1.67704 3.0682 3.8178 1.56574 4.4406 2.4822 4.35 2.6792 5.9602 3.2216 3.9258 4.542 2.179 5.0876 2.0072 2.5152 1.01166 5.7458 2.4824 3.0602 4.685 5.3084 4.35 3.43 0.0 0.0 4.1186 2.4616 4.1186 2.8356 2.9644 3.655 2.4616 4.1186 2.8356 2.9644 3.655 2.4616
8 3.6306 1.8853 2.7702 0.33656 3.346 2.7964 3.221 0.0 1.3729 2.7642 3.5296 1.26162 4.1364 0.92598 4.0498 2.3752 5.6722 2.6316 3.6258 4.2418 1.58886 4.7994 1.70312 1.9251 2.3256 5.4416 2.7662 2.756 4.397 5.0084 4.0498 3.1258 0.0 0.0 3.8184 1.87138 3.8184 2.5314 2.4362 3.3668 1.87138 3.8184 2.5314 2.4362 3.3668 1.87138
9 2.606 2.3186 1.73358 3.0844 2.3092 1.75978 2.1842 2.7478 0.0 3.1974 2.493 1.69492 3.4938 2.6112 3.0252 2.8084 4.6354 3.3748 2.601 3.2172 2.4562 3.7628 2.1364 2.7924 1.28882 4.793 1.72958 3.1894 3.3602 3.9836 3.0252 3.1968 0.0 0.0 2.7938 2.7386 2.7938 2.9646 3.2416 2.3302 2.7386 2.7938 2.9646 3.2416 2.3302 2.7386
10 1.92468 1.72532 3.8624 3.3092 2.562 3.8406 4.313 2.9726 2.465 0.0 2.7456 2.3536 2.3824 2.018 2.344 2.032 4.7282 2.7816 1.91974 2.536 2.6808 3.8554 1.94116 3.0172 3.4176 3.6876 3.8584 2.5962 3.833 3.3024 2.344 1.37186 0.0 0.0 2.1124 2.9634 2.1124 2.3714 3.5282 2.5828 2.9634 2.1124 2.3714 3.5282 2.5828 2.9634
11 2.7468 3.9094 3.1184 5.4932 1.952 1.84052 3.569 5.1566 4.649 3.5882 0.0 3.2856 3.2426 4.202 2.6208 4.3992 2.4002 4.9656 2.7418 1.20194 4.865 1.52748 3.6592 5.2012 4.2756 2.7016 2.4424 4.7802 1.50498 1.89236 2.6208 3.3376 0.0 0.0 1.80942 5.1474 1.80942 4.5554 5.7122 2.3708 5.1474 1.80942 4.5554 5.7122 2.3708 5.1474
12 3.79 0.79258 2.9296 2.3764 3.5052 2.9558 3.3802 2.0398 1.53218 2.2474 3.6888 0.0 4.2958 1.08526 4.2092 1.28246 5.8314 1.84878 3.785 4.4012 1.74814 4.9588 1.8624 2.0844 2.4848 5.6008 2.9256 1.66336 4.5562 5.1676 4.2092 3.2852 0.0 0.0 3.9776 2.0306 3.9776 1.43868 2.5954 3.5262 2.0306 3.9776 1.43868 2.5954 3.5262 2.0306
13 1.89342 4.406 4.249 5.9898 2.6848 2.9712 4.6996 5.6532 5.1456 2.987 2.3004 4.4164 0.0 4.6988 1.57354 4.7126 3.531 5.4622 1.88848 1.33866 5.3616 2.6582 4.1778 5.6978 5.4062 1.56638 3.573 5.2768 2.6356 2.105 1.57354 2.0142 0.0 0.0 1.94614 5.6442 1.94614 5.0522 6.209 2.7056 5.6442 1.94614 5.0522 6.209 2.7056 5.6442
14 2.8726 1.12732 2.0124 2.7112 2.588 2.0386 2.463 2.3746 0.61494 2.0062 2.7716 0.50364 3.3784 0.0 3.292 1.6172 4.9142 2.1836 2.8678 3.484 2.0828 4.0414 0.94514 2.4192 1.56754 4.6836 2.0084 1.9981 3.639 4.2504 3.292 2.3678 0.0 0.0 3.0604 2.3654 3.0604 1.77342 2.9302 2.6088 2.3654 3.0604 1.77342 2.9302 2.6088 2.3654
15 0.47444 3.457 3.237 5.0408 1.63862 2.9172 3.6876 4.7044 4.1966 2.038 1.82228 3.4042 1.36224 3.7498 0.0 3.7636 3.7608 4.5132 0.42418 1.56856 4.4126 2.8882 3.2158 4.7488 4.3942 2.3502 3.233 4.3278 2.8656 2.335 0.0 1.06524 0.0 0.0 1.14506 4.6952 1.14506 4.1032 5.26 1.6595 4.6952 1.14506 4.1032 5.26 1.6595 4.6952
16 3.6684 1.40634 3.6994 1.60416 3.9638 3.7256 4.15 1.26758 2.302 2.05 4.1474 2.1906 4.1262 1.85502 4.0876 0.0 6.298 1.02656 3.6636 4.2796 2.518 5.4252 2.299 2.8542 3.2546 5.4314 3.6954 0.84112 5.326 5.0462 4.0876 3.1156 0.0 0.0 3.8562 1.25844 3.8562 0.61644 2.2652 3.9846 1.25844 3.8562 0.61644 2.2652 3.9846 1.25844
17 2.3614 4.062 3.271 5.6458 1.96472 1.99324 3.7216 5.3094 4.8016 3.203 1.32238 3.4384 2.8572 4.3548 2.2356 4.552 0.0 5.1182 2.3564 0.81666 5.0176 0.7922 3.6378 5.3538 4.4282 2.3164 2.595 4.9328 0.7697 1.50708 2.2356 2.9522 0.0 0.0 1.42414 5.3002 1.42414 4.7082 5.865 1.9856 5.3002 1.42414 4.7082 5.865 1.9856 5.3002
18 3.7898 0.71652 3.0096 0.91432 3.5852 3.0356 3.4602 0.57776 1.61212 2.1714 3.7688 1.50084 4.2476 1.1652 4.2092 1.2064 5.9114 0.0 3.785 4.4012 1.82808 5.0386 1.94234 2.1644 2.5648 5.5528 3.0056 1.5873 4.6362 5.1676 4.2092 3.237 0.0 0.0 3.9776 0.5686 3.9776 1.3626 2.6754 3.606 0.5686 3.9776 1.3626 2.6754 3.606 0.5686
19 0.050262 3.033 3.5518 4.6168 1.95356 3.232 4.0026 4.2802 3.7726 1.61374 2.1372 3.4892 0.93806 3.3256 0.42418 3.3396 4.0758 4.0892 0.0 1.8835 3.9884 3.203 2.8048 4.3248 4.4792 2.2432 3.5478 3.9036 3.1806 2.65 0.42418 0.64108 0.0 0.0 1.46 4.271 1.46 3.679 4.8358 1.97444 4.271 1.46 3.679 4.8358 1.97444 4.271
20 1.69444 3.851 3.06 5.4348 1.64374 1.78226 3.5106 5.0984 4.5906 2.536 1.1114 3.2274 2.2662 4.1438 1.56856 4.2616 2.342 4.9072 1.6895 0.0 4.8066 1.46922 3.221 5.1428 4.2174 1.72538 2.384 4.7218 1.4467 0.9161 1.56856 2.2852 0.0 0.0 0.75716 5.0892 0.75716 4.4972 5.654 1.66462 5.0892 0.75716 4.4972 5.654 1.66462 5.0892
21 4.6496 1.5762 3.8692 1.774 4.4448 3.8954 4.3198 1.43744 2.4718 3.031 4.6286 2.3606 5.1074 2.0248 5.0688 1.41808 6.771 1.19642 4.6446 5.2608 0.0 5.8984 2.802 0.33624 3.3724 6.4126 3.8652 1.79898 5.4958 6.0272 5.0688 4.0968 0.0 0.0 4.8374 1.42828 4.8374 1.5743 1.65512 4.4658 1.42828 4.8374 1.5743 1.65512 4.4658 1.42828
22 3.2364 4.937 4.146 6.5208 2.8396 2.8682 4.5966 6.1842 5.6766 4.0778 2.1974 4.3134 3.7322 5.2298 3.1106 5.4268 1.13788 5.9932 3.2314 1.69162 5.8926 0.0 4.5128 6.2288 5.3032 3.0134 3.47 5.8078 1.64466 2.382 3.1106 3.8272 0.0 0.0 2.2992 6.1752 2.2992 5.5832 6.74 2.8606 6.1752 2.2992 5.5832 6.74 2.8606 6.1752
23 2.166 2.7186 3.6176 4.3024 2.0194 3.2978 4.0682 3.966 3.4584 1.29954 2.203 2.561 2.6718 3.0114 2.5852 3.0254 4.3536 3.775 2.1612 2.7772 3.6742 3.4808 0.0 4.0106 3.551 3.977 3.6136 3.5894 3.4584 3.5438 2.5852 1.66124 0.0 0.0 2.3538 3.9568 2.3538 3.3648 4.5216 2.0402 3.9568 2.3538 3.3648 4.5216 2.0402 3.9568
24 4.3134 1.23996 3.533 1.43776 4.1086 3.5592 3.9836 1.1012 2.1356 2.6948 4.2922 2.0242 4.7712 1.68864 4.7326 1.08184 6.4348 0.86018 4.3084 4.9246 1.63352 5.5622 2.4658 0.0 3.0362 6.0762 3.529 1.46274 5.1596 5.691 4.7326 3.7606 0.0 0.0 4.501 1.09204 4.501 1.23806 1.31888 4.1296 1.09204 4.501 1.23806 1.31888 4.1296 1.09204
25 4.3512 2.6058 2.3128 3.0056 4.0664 3.517 2.7634 2.669 2.0934 3.4846 4.2502 1.98212 4.857 2.8984 4.7704 3.0956 6.3926 3.42 4.3462 4.9624 2.3774 5.52 2.4236 2.7136 0.0 6.1622 3.2688 3.4766 5.1174 5.7288 4.7704 3.8464 0.0 0.0 4.539 2.6598 4.539 3.2518 2.0628 4.0874 2.6598 4.539 3.2518 2.0628 4.0874 2.6598
26 2.842 5.3546 4.9996 6.9384 3.5834 3.7218 5.4502 6.602 6.0942 3.9356 3.051 5.167 2.3458 5.6474 2.5222 5.6612 3.6516 6.4108 2.837 2.0892 6.3102 2.7788 5.1264 6.6464 6.1568 0.0 4.3236 6.2254 2.7562 2.8556 2.5222 2.9628 0.0 0.0 2.6968 6.5928 2.6968 6.0008 7.1576 3.6042 6.5928 2.6968 6.0008 7.1576 3.6042 6.5928
27 3.4128 3.1254 1.32246 4.4272 2.0702 1.05664 1.77306 4.0908 3.297 4.0044 1.84978 2.5018 4.3006 3.4182 3.559 3.6154 3.9324 4.1816 3.4078 2.734 3.799 3.0596 2.9432 4.1352 2.6316 4.2338 0.0 3.9962 2.657 3.4244 3.559 4.0036 0.0 0.0 2.7476 4.0816 2.7476 3.7716 3.7744 3.137 4.0816 2.7476 3.7716 3.7744 3.137 4.0816
28 3.6276 2.7022 4.9952 2.9 4.0048 5.0214 5.4458 2.5634 3.5978 2.009 4.1884 3.4864 4.0854 3.1508 4.0468 1.40278 6.339 2.3224 3.6226 4.2388 3.8138 5.4664 3.184 4.15 4.5504 5.3904 4.9912 0.0 5.4438 5.0052 4.0468 3.0748 0.0 0.0 3.8152 2.5542 3.8152 1.91226 3.561 4.0258 2.5542 3.8152 1.91226 3.561 4.0258 2.5542
29 4.2732 5.2138 4.4228 6.7976 3.2564 3.145 4.8734 6.461 5.9534 5.1146 3.036 4.59 4.769 5.5064 4.1472 5.7036 2.1746 6.27 4.2682 2.7284 6.1694 2.704 4.9636 6.5056 5.58 4.05 3.7468 6.0846 0.0 3.4188 4.1472 4.864 0.0 0.0 3.3358 6.4518 3.3358 5.8598 7.0166 3.8974 6.4518 3.3358 5.8598 7.0166 3.8974 6.4518
30 1.78782 4.4604 3.6694 6.0442 2.2532 2.3916 4.12 5.7076 5.2 3.1454 1.72078 3.8368 1.89962 4.7532 1.46794 4.871 2.9514 5.5166 1.78288 0.75906 5.416 2.0786 3.8302 5.7522 4.8266 1.35878 2.9934 5.3312 2.056 0.0 1.46794 2.3786 0.0 0.0 1.36654 5.6986 1.36654 5.1066 6.2634 2.274 5.6986 1.36654 5.1066 6.2634 2.274 5.6986
31 0.47444 3.457 3.237 5.0408 1.63862 2.9172 3.6876 4.7044 4.1966 2.038 1.82228 3.4042 1.36224 3.7498 0.0 3.7636 3.7608 4.5132 0.42418 1.56856 4.4126 2.8882 3.2158 4.7488 4.3942 2.3502 3.233 4.3278 2.8656 2.335 0.0 1.06524 0.0 0.0 1.14506 4.6952 1.14506 4.1032 5.26 1.6595 4.6952 1.14506 4.1032 5.26 1.6595 4.6952
32 1.76038 2.791 4.04 4.3748 2.4416 3.7202 4.4906 4.0382 3.5306 1.37186 2.6254 3.2474 1.40982 3.0836 1.55014 3.0976 4.5638 3.8472 1.75544 2.3716 3.7466 3.6912 2.5628 4.0828 4.2372 2.715 4.036 3.6618 3.6686 3.138 1.55014 0.0 0.0 0.0 1.94812 4.029 1.94812 3.4372 4.594 2.4626 4.029 1.94812 3.4372 4.594 2.4626 4.029
33 0.0 0.0 0.0 0.0 0.0 0.0 0.0 0.0 0.0 0.0 0.0 0.0 0.0 0.0 0.0 0.0 0.0 0.0 0.0 0.0 0.0 0.0 0.0 0.0 0.0 0.0 0.0 0.0 0.0 0.0 0.0 0.0 0.0 0.0 0.0 0.0 0.0 0.0 0.0 0.0 0.0 0.0 0.0 0.0 0.0 0.0
34 0.0 0.0 0.0 0.0 0.0 0.0 0.0 0.0 0.0 0.0 0.0 0.0 0.0 0.0 0.0 0.0 0.0 0.0 0.0 0.0 0.0 0.0 0.0 0.0 0.0 0.0 0.0 0.0 0.0 0.0 0.0 0.0 0.0 0.0 0.0 0.0 0.0 0.0 0.0 0.0 0.0 0.0 0.0 0.0 0.0 0.0
35 1.27094 3.5316 2.8186 5.1154 1.22024 2.1458 3.2692 4.7788 4.2712 2.1124 1.05088 2.986 2.1588 3.8242 1.14506 3.8382 2.9494 4.5878 1.266 0.75716 4.4872 2.0766 2.7974 4.8234 3.9758 2.3328 2.7476 4.4024 2.0542 1.52356 1.14506 1.86176 0.0 0.0 0.0 4.7696 0.0 4.1776 5.3346 1.24112 4.7696 0.0 4.1776 5.3346 1.24112 4.7696
36 3.309 0.23574 3.8608 1.86954 3.6044 3.887 4.3114 1.53298 2.4634 1.69058 3.788 2.352 3.7668 2.0164 3.7284 0.7256 5.9386 1.29194 3.3042 3.9204 2.6794 5.0658 1.93956 3.0156 3.416 5.072 3.8568 1.10652 5.0434 4.6868 3.7284 2.7562 0.0 0.0 3.4968 0.0 3.4968 0.88182 2.5306 3.6252 0.0 3.4968 0.88182 2.5306 3.6252 0.0
37 1.27094 3.5316 2.8186 5.1154 1.22024 2.1458 3.2692 4.7788 4.2712 2.1124 1.05088 2.986 2.1588 3.8242 1.14506 3.8382 2.9494 4.5878 1.266 0.75716 4.4872 2.0766 2.7974 4.8234 3.9758 2.3328 2.7476 4.4024 2.0542 1.52356 1.14506 1.86176 0.0 0.0 0.0 4.7696 0.0 4.1776 5.3346 1.24112 4.7696 0.0 4.1776 5.3346 1.24112 4.7696
38 3.8522 2.9268 5.2198 3.1246 4.2296 5.246 5.6704 2.788 3.8224 2.2338 4.4132 3.7112 4.31 3.3756 4.2714 1.62748 6.5638 2.547 3.8472 4.4634 4.0384 5.691 3.4086 4.3746 4.775 5.6152 5.2158 0.22468 5.6684 5.2298 4.2714 3.2994 0.0 0.0 4.04 2.779 4.04 0.0 3.7858 4.2504 2.779 4.04 0.0 3.7858 4.2504 2.779
39 4.0096 0.9362 3.2292 1.13402 3.8048 3.2554 3.6798 0.79744 1.83182 2.391 3.9886 1.72052 4.4674 1.38488 4.4288 1.42608 6.131 1.54842 4.0046 4.6208 0.50578 5.2584 2.162 0.84202 2.7844 5.7726 3.2252 1.80698 4.8558 5.3872 4.4288 3.4568 0.0 0.0 4.1974 0.78828 4.1974 1.5823 0.0 3.8258 0.78828 4.1974 1.5823 0.0 3.8258 0.78828
40 2.2594 3.5882 2.7972 5.172 1.27678 1.5193 3.2478 4.8354 4.3278 3.083 0.42444 2.9644 3.0752 3.8808 2.1336 4.078 2.575 4.6444 2.2546 1.37672 4.5436 1.70226 2.984 4.88 3.9544 2.8764 2.1212 4.459 1.67976 2.0672 2.1336 2.8502 0.0 0.0 1.3222 4.8262 1.3222 4.2342 5.391 0.0 4.8262 1.3222 4.2342 5.391 0.0 4.8262
41 3.309 0.23574 3.8608 1.86954 3.6044 3.887 4.3114 1.53298 2.4634 1.69058 3.788 2.352 3.7668 2.0164 3.7284 0.7256 5.9386 1.29194 3.3042 3.9204 2.6794 5.0658 1.93956 3.0156 3.416 5.072 3.8568 1.10652 5.0434 4.6868 3.7284 2.7562 0.0 0.0 3.4968 0.0 3.4968 0.88182 2.5306 3.6252 0.0 3.4968 0.88182 2.5306 3.6252 0.0
42 1.27094 3.5316 2.8186 5.1154 1.22024 2.1458 3.2692 4.7788 4.2712 2.1124 1.05088 2.986 2.1588 3.8242 1.14506 3.8382 2.9494 4.5878 1.266 0.75716 4.4872 2.0766 2.7974 4.8234 3.9758 2.3328 2.7476 4.4024 2.0542 1.52356 1.14506 1.86176 0.0 0.0 0.0 4.7696 0.0 4.1776 5.3346 1.24112 4.7696 0.0 4.1776 5.3346 1.24112 4.7696
43 3.8522 2.9268 5.2198 3.1246 4.2296 5.246 5.6704 2.788 3.8224 2.2338 4.4132 3.7112 4.31 3.3756 4.2714 1.62748 6.5638 2.547 3.8472 4.4634 4.0384 5.691 3.4086 4.3746 4.775 5.6152 5.2158 0.22468 5.6684 5.2298 4.2714 3.2994 0.0 0.0 4.04 2.779 4.04 0.0 3.7858 4.2504 2.779 4.04 0.0 3.7858 4.2504 2.779
44 4.0096 0.9362 3.2292 1.13402 3.8048 3.2554 3.6798 0.79744 1.83182 2.391 3.9886 1.72052 4.4674 1.38488 4.4288 1.42608 6.131 1.54842 4.0046 4.6208 0.50578 5.2584 2.162 0.84202 2.7844 5.7726 3.2252 1.80698 4.8558 5.3872 4.4288 3.4568 0.0 0.0 4.1974 0.78828 4.1974 1.5823 0.0 3.8258 0.78828 4.1974 1.5823 0.0 3.8258 0.78828
45 2.2594 3.5882 2.7972 5.172 1.27678 1.5193 3.2478 4.8354 4.3278 3.083 0.42444 2.9644 3.0752 3.8808 2.1336 4.078 2.575 4.6444 2.2546 1.37672 4.5436 1.70226 2.984 4.88 3.9544 2.8764 2.1212 4.459 1.67976 2.0672 2.1336 2.8502 0.0 0.0 1.3222 4.8262 1.3222 4.2342 5.391 0.0 4.8262 1.3222 4.2342 5.391 0.0 4.8262
46 3.309 0.23574 3.8608 1.86954 3.6044 3.887 4.3114 1.53298 2.4634 1.69058 3.788 2.352 3.7668 2.0164 3.7284 0.7256 5.9386 1.29194 3.3042 3.9204 2.6794 5.0658 1.93956 3.0156 3.416 5.072 3.8568 1.10652 5.0434 4.6868 3.7284 2.7562 0.0 0.0 3.4968 0.0 3.4968 0.88182 2.5306 3.6252 0.0 3.4968 0.88182 2.5306 3.6252 0.0
;
param arr := 1 0.0 2 0.0 3 0.0 4 0.0 5 0.0 6 0.0 7 0.0 8 0.0 9 0.0 10 0.0 11 0.0 12 0.0 13 0.0 14 0.0 15 0.0 16 0.0 17 0.0 18 3.0 19 4.0 20 16.0 21 17.0 22 40.0 23 41.0 24 50.0 25 61.0 26 62.0 27 77.0 28 77.0 29 98.0 30 105.0 31 106.0 32 107.0 33 0.0 34 0.0 35 0.0 36 0.0 37 0.0 38 0.0 39 0.0 40 0.0 41 0.0 42 0.0 43 0.0 44 0.0 45 0.0 46 0.0;
param dep := 1 127.0 2 127.0 3 127.0 4 127.0 5 127.0 6 127.0 7 127.0 8 127.0 9 127.0 10 127.0 11 127.0 12 127.0 13 127.0 14 127.0 15 127.0 16 127.0 17 15.0 18 18.0 19 19.0 20 31.0 21 32.0 22 55.0 23 56.0 24 65.0 25 76.0 26 77.0 27 92.0 28 92.0 29 113.0 30 120.0 31 121.0 32 122.0 33 127.0 34 127.0 35 127.0 36 127.0 37 127.0 38 127.0 39 127.0 40 127.0 41 127.0 42 127.0 43 127.0 44 127.0 45 127.0 46 127.0;
param d := 1 0.5 2 0.5 3 0.5 4 0.5 5 0.5 6 0.5 7 0.5 8 0.5 9 0.5 10 0.5 11 0.5 12 0.5 13 0.5 14 0.5 15 0.5 16 0.5 17 0.5 18 0.5 19 0.5 20 0.5 21 0.5 22 0.5 23 0.5 24 0.5 25 0.5 26 0.5 27 0.5 28 0.5 29 0.5 30 0.5 31 0.5 32 0.5 33 0.0 34 0.0 35 0.0 36 0.0 37 0.0 38 0.0 39 0.0 40 0.0 41 0.0 42 0.0 43 0.0 44 0.0 45 0.0 46 0.0;
param l := 1 1.0 2 1.0 3 1.0 4 1.0 5 1.0 6 1.0 7 1.0 8 1.0 9 1.0 10 1.0 11 1.0 12 1.0 13 1.0 14 1.0 15 1.0 16 1.0 17 -1.0 18 -1.0 19 -1.0 20 -1.0 21 -1.0 22 -1.0 23 -1.0 24 -1.0 25 -1.0 26 -1.0 27 -1.0 28 -1.0 29 -1.0 30 -1.0 31 -1.0 32 -1.0 33 0.0 34 0.0 35 0.0 36 0.0 37 0.0 38 0.0 39 0.0 40 0.0 41 0.0 42 0.0 43 0.0 44 0.0 45 0.0 46 0.0;
param u := 1 8 2 8 3 8 4 8 5 8 6 8 7 8 8 8 9 8 10 8 11 8 12 8 13 8 14 8 15 8 16 8;
param c := 1 3 2 3;
param Q := 3.5;
param Binit := 1 3.5 2 3.5;
param r := 0.7;
param beta:
 1 2 3 4 5 6 7 8 9 10 11 12 13 14 15 16 17 18 19 20 21 22 23 24 25 26 27 28 29 30 31 32 33 34 35 36 37 38 39 40 41 42 43 44 45 46:=
1 0.0 0.28262377 0.35278243 0.4298379799999999 0.20422974 0.32305702 0.39468428999999994 0.39855100999999993 0.35136958999999995 0.15070541199999998 0.22129535999999997 0.32502755999999994 0.08789909699999998 0.30982094 0.1009437 0.31112223999999994 0.39182142999999997 0.38079756 0.130217373 0.18805644 0.3714282 0.31069466999999995 0.26141257999999995 0.4026965799999999 0.41704805999999994 0.20921185999999997 0.35242921999999993 0.36354603999999996 0.30861258999999996 0.25929332 0.1009437 0.060294806 0.0 0.0 0.158351479 0.39769586999999995 0.158351479 0.34266947 0.45019402999999997 0.2061631 0.39769586999999995 0.158351479 0.34266947 0.45019402999999997 0.2061631 0.39769586999999995
2 0.34040149 0.0 0.35337730999999994 0.15862475199999998 0.36784032999999994 0.3558126 0.3952605799999999 0.12733964099999998 0.22348897999999998 0.18995262 0.38490594999999994 0.21313435 0.38295399999999996 0.18194218899999998 0.37936613 0.05229552899999999 0.5848042199999999 0.10493683199999998 0.33993673999999996 0.39721252999999995 0.24356618 0.5036774599999999 0.21309717 0.27481596999999997 0.31203315 0.50425375 0.35300550999999997 0.087702043 0.5015953799999999 0.4684494099999999 0.37936613 0.28900013999999996 0.0 0.0 0.35783890999999995 0.126490078 0.35783890999999995 0.06681617799999999 0.22006841999999996 0.36977369 0.126490078 0.35783890999999995 0.06681617799999999 0.22006841999999996 0.36977369 0.126490078
3 0.24085204 0.21413820999999997 0.0 0.36135241999999995 0.21328306999999996 0.16220332699999998 0.20164572999999997 0.33008403999999997 0.28288403 0.29584125999999994 0.23034869 0.15617458999999997 0.32337305 0.24135396999999997 0.27981668 0.25968370999999996 0.42950335999999995 0.312312 0.24040587999999996 0.29766307999999997 0.30296122999999997 0.3483766 0.19722130999999998 0.33421101999999997 0.24819508999999998 0.44413368999999997 0.159398096 0.29507906999999994 0.31097352 0.36889995999999997 0.27981668 0.29576689999999994 0.0 0.0 0.25830804999999996 0.32922889999999994 0.25830804999999996 0.2742025 0.38172705999999995 0.21521642999999996 0.32922889999999994 0.25830804999999996 0.2742025 0.38172705999999995 0.21521642999999996 0.32922889999999994
4 0.3061773 0.143955383 0.22622171 0.0 0.27972372999999995 0.22865699999999997 0.26810497999999994 0.14351108199999998 0.09632780299999999 0.22564541999999999 0.29678934999999995 0.08598432699999999 0.35319140999999993 0.05478473 0.34516052999999997 0.18948787 0.49594402 0.21332024999999996 0.30573113999999996 0.36300693 0.11640128499999998 0.4148172599999999 0.127021752 0.14765479299999998 0.184873832 0.47450975 0.22584991 0.22490181999999997 0.37741417999999993 0.43424380999999995 0.34516052999999997 0.25925613999999997 0.0 0.0 0.32363330999999995 0.142661519 0.32363330999999995 0.20400665999999998 0.19515781999999998 0.28165708999999994 0.142661519 0.32363330999999995 0.20400665999999998 0.19515781999999998 0.28165708999999994 0.142661519
5 0.26033436 0.23362052999999997 0.16009336199999996 0.38083473999999995 0.0 0.130925652 0.20198034999999998 0.34954777 0.30236635 0.31530498999999995 0.14664535599999998 0.17564761499999998 0.34285537 0.2608177 0.299299 0.27914743999999997 0.34021558999999996 0.33179432 0.25986961 0.2288429 0.32244354999999997 0.25910742 0.21668503999999997 0.35369333999999997 0.26765881999999996 0.36823071999999996 0.15972156199999998 0.31456138999999994 0.22168574999999996 0.29301558 0.299299 0.31524921999999994 0.0 0.0 0.23008842999999998 0.34869262999999995 0.23008842999999998 0.29366623 0.40119078999999996 0.23469874999999996 0.34869262999999995 0.23008842999999998 0.29366623 0.40119078999999996 0.23469874999999996 0.34869262999999995
6 0.25005408999999995 0.22334025999999998 0.14981495099999997 0.37055446999999997 0.22246653 0.0 0.19170007999999997 0.33926749999999994 0.29208607999999997 0.30502471999999997 0.22598004 0.16536734499999997 0.33257509999999996 0.25053742999999995 0.28901872999999995 0.26886716999999993 0.41953912 0.32151405 0.24958933999999997 0.30686513 0.31216328 0.33843094999999995 0.20640477 0.34341306999999993 0.25737855 0.44755425 0.149443151 0.30428111999999996 0.30100928 0.37233911 0.28901872999999995 0.30496894999999996 0.0 0.0 0.26749151 0.33841235999999997 0.26749151 0.28338596 0.39092910999999997 0.22441847999999998 0.33841235999999997 0.26749151 0.28338596 0.39092910999999997 0.22441847999999998 0.33841235999999997
7 0.36536786 0.20350473 0.141880739 0.26092923999999995 0.3377803 0.28671357 0.0 0.22964226999999998 0.155880868 0.28518919 0.35486450999999997 0.14553553299999997 0.41275376999999996 0.23072049 0.40433249999999993 0.24903163999999997 0.55400059 0.29944772 0.36490311 0.42217889999999997 0.20253804999999997 0.47289242 0.18656924 0.23378784 0.09403379699999999 0.53407211 0.23073907999999999 0.28444558999999997 0.4354707499999999 0.4934157799999999 0.40433249999999993 0.3188185 0.0 0.0 0.38282386999999996 0.22880571999999996 0.38282386999999996 0.26356902 0.27554098 0.33973224999999996 0.22880571999999996 0.38282386999999996 0.26356902 0.27554098 0.33973224999999996 0.22880571999999996
8 0.33746426999999996 0.17523863499999998 0.25749008999999995 0.031283252 0.3110107 0.25992538 0.29939194999999996 0.0 0.127611055 0.25693239 0.32807632 0.11726757899999998 0.38447837999999995 0.086069841 0.37642891 0.22077483999999997 0.52723099 0.24460722 0.33701811 0.39427530999999993 0.14768453699999998 0.44610423 0.15830500399999997 0.178938045 0.21616452 0.50579672 0.25711828999999997 0.25617019999999996 0.40870114999999996 0.46553078 0.37642891 0.29054310999999994 0.0 0.0 0.35492028 0.173944771 0.35492028 0.23529362999999998 0.22644478999999998 0.31294405999999997 0.173944771 0.35492028 0.23529362999999998 0.22644478999999998 0.31294405999999997 0.173944771
9 0.24222769999999996 0.21551386999999997 0.16113626099999998 0.28669498 0.21464013999999998 0.16357155099999998 0.20302139 0.25540800999999996 0.0 0.29719832999999996 0.23172434999999997 0.15754281399999998 0.32474870999999994 0.24271104 0.28119234 0.26104078 0.43086042999999996 0.31368766 0.24176294999999998 0.29903873999999997 0.22830378999999998 0.34975226 0.19857838 0.25955358 0.119795819 0.44550934999999997 0.16076446099999997 0.29645473 0.31233058999999996 0.37027561999999997 0.28119234 0.29714256 0.0 0.0 0.25968370999999996 0.25455287 0.25968370999999996 0.27555957 0.30130672 0.21659209 0.25455287 0.25968370999999996 0.27555957 0.30130672 0.21659209 0.25455287
10 0.17889900599999997 0.16036849399999997 0.35901007999999995 0.30759013999999996 0.23813789999999996 0.3569837699999999 0.4008933499999999 0.27630317 0.22912174999999996 0.0 0.25520351999999996 0.21876711999999998 0.22144408 0.18757309999999996 0.21787479999999998 0.1888744 0.43948619 0.25854972 0.178439833 0.2357212 0.24918036 0.35835943 0.180430822 0.28044874 0.31766592 0.34276242 0.35863828 0.24131678999999998 0.35627735 0.30695807999999997 0.21787479999999998 0.127514387 0.0 0.0 0.19634758 0.27544802999999995 0.19634758 0.22042162999999998 0.32794618999999997 0.24007126 0.27544802999999995 0.19634758 0.22042162999999998 0.32794618999999997 0.24007126 0.27544802999999995
11 0.25531506 0.36337873 0.28985527999999994 0.5105929399999999 0.18143839999999997 0.17107633399999997 0.33173854999999997 0.47930596999999997 0.43212454999999994 0.33352318999999997 0.0 0.30539652 0.30139966999999995 0.3905759 0.24360336 0.40890564 0.22309858999999996 0.46155251999999997 0.25485030999999997 0.111720323 0.45220174999999996 0.141979266 0.3401226399999999 0.48345153999999996 0.39741701999999995 0.25111372 0.22702108 0.44431958999999993 0.139887891 0.17589486199999999 0.24360336 0.31022992 0.0 0.0 0.168185589 0.47845083 0.168185589 0.4234244299999999 0.53094899 0.22036585999999997 0.47845083 0.168185589 0.4234244299999999 0.53094899 0.22036585999999997 0.47845083
12 0.3522805 0.07367031099999999 0.27230632 0.22088637999999997 0.32580834 0.27474160999999997 0.31418958999999996 0.18959941 0.142416131 0.20889582999999998 0.34287396 0.0 0.39929460999999994 0.10087491699999998 0.39124514 0.11920465699999998 0.54202863 0.171844101 0.35181575 0.40909154 0.16248961299999998 0.46092046 0.17311008 0.19374497999999998 0.23096215999999997 0.5205943599999999 0.27193452 0.15460931199999997 0.4234987899999999 0.48032842 0.39124514 0.30535934 0.0 0.0 0.3697179199999999 0.18874427 0.3697179199999999 0.133725306 0.24124242999999998 0.32776028999999995 0.18874427 0.3697179199999999 0.133725306 0.24124242999999998 0.32776028999999995 0.18874427
13 0.175993389 0.40953769999999995 0.39494454999999995 0.5567519099999999 0.24955216 0.27617304 0.43682782 0.52546494 0.47828351999999996 0.27764164999999996 0.21382217999999995 0.41050438 0.0 0.43675346 0.146260543 0.43803616999999995 0.32820645 0.5077114899999999 0.17553421599999997 0.12442844699999998 0.49836072 0.24707968999999996 0.38832651 0.5296105099999999 0.5025062899999999 0.145595021 0.33211034999999994 0.49047855999999995 0.24497902 0.19565974999999997 0.146260543 0.18721989 0.0 0.0 0.18089371299999998 0.52462839 0.18089371299999998 0.46960198999999997 0.5771265499999999 0.25148551999999996 0.52462839 0.18089371299999998 0.46960198999999997 0.5771265499999999 0.25148551999999996 0.52462839
14 0.26700816999999993 0.104784394 0.18705257999999997 0.25200604 0.24055459999999998 0.18948787 0.22893585 0.22071907 0.057158673 0.18647629 0.25762021999999996 0.046813337999999996 0.31402228 0.0 0.30599139999999997 0.15031873999999998 0.45677489 0.20296562 0.26656200999999996 0.32383779999999995 0.19359626 0.37564812999999997 0.08785076299999998 0.22486463999999998 0.14570284299999997 0.43534061999999996 0.18668078 0.18572339499999999 0.33824504999999994 0.39507467999999996 0.30599139999999997 0.22008700999999997 0.0 0.0 0.28446417999999996 0.21986392999999999 0.28446417999999996 0.16483938899999998 0.27236209 0.24248795999999997 0.21986392999999999 0.28446417999999996 0.16483938899999998 0.27236209 0.24248795999999997 0.21986392999999999
15 0.04409919799999999 0.32132815 0.30087915 0.46854235999999994 0.15230972899999998 0.27115374 0.34276242 0.43727397999999995 0.39007397 0.18943209999999996 0.169380926 0.31642038999999994 0.12662020799999998 0.34854390999999996 0.0 0.34982662 0.34956635999999996 0.41950193999999996 0.039427530999999995 0.14579765199999997 0.41015117 0.26845819 0.29890860999999996 0.44140095999999995 0.40844088999999995 0.21845109 0.30050735 0.4022690099999999 0.26635752 0.21703825 0.0 0.09901405799999999 0.0 0.0 0.10643332699999998 0.4364188399999999 0.10643332699999998 0.38139244 0.48891699999999993 0.15425052499999997 0.4364188399999999 0.10643332699999998 0.38139244 0.48891699999999993 0.15425052499999997 0.4364188399999999
16 0.34097777999999995 0.13071930299999998 0.34385922999999996 0.149106672 0.36843520999999996 0.34629452 0.3857425 0.11782156099999998 0.2139709 0.19054749999999995 0.38550082999999996 0.20361626999999996 0.38353028999999994 0.17242410899999996 0.37994241999999995 0.0 0.5853991 0.09541875199999998 0.34053162 0.39778882 0.23404809999999995 0.50427234 0.21369204999999997 0.26529789 0.30251506999999994 0.5048486299999999 0.3434874299999999 0.07818210399999999 0.49505169999999993 0.4690442899999999 0.37994241999999995 0.28959502 0.0 0.0 0.35843379 0.116971998 0.35843379 0.05729809799999999 0.21055034 0.37036856999999995 0.116971998 0.35843379 0.05729809799999999 0.21055034 0.37036856999999995 0.116971998
17 0.21949213 0.3775629 0.30403945 0.5247771099999999 0.18262072399999998 0.18527165799999998 0.34592271999999996 0.49350872999999995 0.44630871999999994 0.29771885 0.122915221 0.31959928 0.26557674 0.40477865999999996 0.20779901999999997 0.42310839999999994 0.0 0.47573668999999996 0.21902737999999997 0.07590854699999999 0.46638591999999995 0.07363499 0.33813350999999997 0.4976357099999999 0.41160119 0.21530937999999997 0.24120524999999998 0.45850376 0.07154361499999999 0.140083086 0.20779901999999997 0.27440698999999996 0.0 0.0 0.13237381299999998 0.49265359 0.13237381299999998 0.43762718999999994 0.5451517499999999 0.18456151999999998 0.49265359 0.13237381299999998 0.43762718999999994 0.5451517499999999 0.18456151999999998 0.49265359
18 0.35226190999999996 0.066600534 0.27974231999999993 0.084986044 0.33324434 0.28215902 0.32162558999999996 0.053702792 0.149846554 0.20183163 0.35030996 0.13950307799999997 0.39481442 0.10830533999999999 0.39124514 0.11213487999999998 0.54946463 0.0 0.35181575 0.40909154 0.16992003599999997 0.46833786999999993 0.180540503 0.20118097999999998 0.23839815999999997 0.51613276 0.27937051999999996 0.14753953499999997 0.4309347899999999 0.48032842 0.39124514 0.30087915 0.0 0.0 0.3697179199999999 0.052851369999999995 0.3697179199999999 0.12665367 0.24867842999999995 0.33517769999999997 0.052851369999999995 0.3697179199999999 0.12665367 0.24867842999999995 0.33517769999999997 0.052851369999999995
19 0.0046718529 0.28191734999999996 0.33013981 0.4291315599999999 0.18158340199999998 0.30041439999999997 0.37204167 0.39784458999999994 0.35066316999999997 0.14999713299999998 0.19865273999999997 0.32432113999999995 0.087192677 0.30911452 0.039427530999999995 0.31041581999999995 0.37884560999999994 0.38009113999999994 0.0 0.17507132499999997 0.37072177999999995 0.29771885 0.26070615999999996 0.40199015999999993 0.4163416399999999 0.20850543999999996 0.32976801 0.36283962 0.29563677 0.24631749999999997 0.039427530999999995 0.05958838599999999 0.0 0.0 0.135707 0.39698944999999997 0.135707 0.34196304999999994 0.4494876099999999 0.18352419799999997 0.39698944999999997 0.135707 0.34196304999999994 0.4494876099999999 0.18352419799999997 0.39698944999999997
20 0.15749819799999998 0.35795045 0.284427 0.5051646599999999 0.15278563299999998 0.16566106699999997 0.32631026999999996 0.47389627999999995 0.42669627 0.2357212 0.10330462999999998 0.29998683 0.21064328999999998 0.38516620999999995 0.14579765199999997 0.39611571999999995 0.2176889 0.4561242399999999 0.157039025 0.0 0.44677347 0.136563999 0.29939194999999996 0.47802326 0.39200732999999993 0.16037407099999998 0.22159279999999998 0.43889131 0.134470765 0.085151495 0.14579765199999997 0.21240934 0.0 0.0 0.070378022 0.47304113999999997 0.070378022 0.41801474 0.5255392999999999 0.15472642899999997 0.47304113999999997 0.070378022 0.41801474 0.5255392999999999 0.15472642899999997 0.47304113999999997
21 0.43218032 0.14650779 0.35964214 0.1648933 0.4131441599999999 0.36207743 0.40152540999999997 0.13361004799999998 0.22975380999999998 0.28173145 0.4302283699999999 0.21941776999999996 0.47473283 0.18820515999999998 0.47114496 0.13181053599999998 0.62936445 0.111207239 0.43171556999999994 0.48899135999999993 0.0 0.5482562799999999 0.26044589999999995 0.03125350799999999 0.31346457999999994 0.59605117 0.35927033999999997 0.16721519099999999 0.51083461 0.5602282399999999 0.47114496 0.38079756 0.0 0.0 0.4496363299999999 0.132758626 0.4496363299999999 0.146331185 0.153843404 0.41509610999999996 0.132758626 0.4496363299999999 0.146331185 0.153843404 0.41509610999999996 0.132758626
22 0.30082338 0.45889415 0.38537069999999995 0.60610836 0.26394081999999996 0.26659919 0.4272539699999999 0.5748213899999999 0.52763997 0.37903150999999996 0.20424832999999998 0.40093052999999995 0.34690799 0.48610991 0.28913026999999997 0.50442106 0.10576594599999999 0.5570679399999999 0.30035862999999996 0.15723607899999997 0.54771717 0.0 0.41946476 0.5789669599999999 0.49293243999999997 0.28009553 0.3225365 0.53983501 0.15287114699999999 0.2214069 0.28913026999999997 0.35573824 0.0 0.0 0.21371063999999998 0.5739848399999999 0.21371063999999998 0.5189584399999999 0.626483 0.26589276999999994 0.5739848399999999 0.21371063999999998 0.5189584399999999 0.626483 0.26589276999999994 0.5739848399999999
23 0.20132969999999997 0.25269387 0.33625592 0.39990807999999994 0.18770323 0.30653051 0.37813918999999996 0.36863969999999996 0.32145828 0.12079224299999998 0.20476884999999997 0.23804494999999998 0.24834381 0.27990962999999996 0.24029433999999997 0.28121092999999997 0.40466712 0.35088624999999996 0.20088353999999997 0.25814074 0.34151688999999996 0.32354035999999997 0.0 0.37278527 0.33006545 0.36966214999999997 0.33588411999999995 0.33363472999999993 0.32145828 0.32939620999999997 0.24029433999999997 0.154412258 0.0 0.0 0.21878571 0.3677845599999999 0.21878571 0.31275815999999995 0.42028272 0.18963659 0.3677845599999999 0.21878571 0.31275815999999995 0.42028272 0.18963659 0.3677845599999999
24 0.40093052999999995 0.11525428199999999 0.32839234999999994 0.13363979199999998 0.38189437 0.33082764 0.37027561999999997 0.10235653999999998 0.19850402 0.25048165999999994 0.39895999 0.18814938999999997 0.44348304 0.15695908799999997 0.43989516999999995 0.10055702799999998 0.5981146599999999 0.07995373099999999 0.40046577999999994 0.45774156999999993 0.151835684 0.51700649 0.22919611 0.0 0.28221479 0.56478279 0.32802054999999997 0.13596168299999997 0.47958481999999997 0.5289784499999999 0.43989516999999995 0.34954777 0.0 0.0 0.41836795 0.10150511799999998 0.41836795 0.11507767699999999 0.12258989599999999 0.38384631999999996 0.10150511799999998 0.41836795 0.11507767699999999 0.12258989599999999 0.38384631999999996 0.10150511799999998
25 0.40444404 0.24220910999999998 0.21497476 0.27937051999999996 0.3779718799999999 0.32690515 0.25685802999999996 0.24808354999999999 0.19458152999999997 0.32389356999999996 0.39505609 0.18423805399999998 0.45145815 0.26940628 0.44340868 0.28773602 0.5941921699999999 0.317889 0.40397928999999994 0.46125507999999993 0.22097933 0.5130839999999999 0.22527361999999998 0.25222912 0.0 0.57277649 0.30383496 0.32314996999999995 0.47566232999999997 0.5324919599999999 0.44340868 0.35752288 0.0 0.0 0.4219000499999999 0.24722840999999998 0.4219000499999999 0.30225480999999993 0.19173726 0.37992382999999996 0.24722840999999998 0.4219000499999999 0.30225480999999993 0.19173726 0.37992382999999996 0.24722840999999998
26 0.2641639 0.4977100699999999 0.46471281999999997 0.6449242799999999 0.33307703 0.34594130999999995 0.5065960899999999 0.6136558999999999 0.56645589 0.36581401999999996 0.28359045 0.4802726499999999 0.21804210999999998 0.5249258299999999 0.23443849 0.52620854 0.33941622 0.5958838599999999 0.26369915 0.19419113999999998 0.58653309 0.25828945999999997 0.47649887999999996 0.6177828799999999 0.5722745599999999 0.0 0.40187861999999996 0.5786509299999999 0.25618879 0.26542802 0.23443849 0.27539226 0.0 0.0 0.25066755999999996 0.6128007599999999 0.25066755999999996 0.5577743599999999 0.66529892 0.33501039 0.6128007599999999 0.25066755999999996 0.5577743599999999 0.66529892 0.33501039 0.6128007599999999
27 0.31721975999999996 0.29050592999999997 0.12292265699999999 0.41150823999999997 0.19242508999999997 0.098214688 0.164805927 0.38023985999999993 0.30645615 0.37220898 0.17193705099999998 0.23254230999999995 0.39974076999999997 0.31772169 0.33080905 0.33605143 0.36551658 0.38867972 0.31675500999999995 0.2541253 0.35311704999999993 0.28438981999999996 0.27357043999999997 0.38436684 0.24460722 0.3935317099999999 0.0 0.37144678999999997 0.24696814999999997 0.31829798 0.33080905 0.3721346199999999 0.0 0.0 0.25538942 0.37938471999999995 0.25538942 0.35057021999999993 0.35083047999999994 0.29158415 0.37938471999999995 0.25538942 0.35057021999999993 0.35083047999999994 0.29158415 0.37938471999999995
28 0.33718541999999996 0.25116949 0.4643038399999999 0.269555 0.37224616 0.46673912999999995 0.5061871099999999 0.23826803 0.33441550999999997 0.18673654999999997 0.38931177999999994 0.32406088 0.37973792999999995 0.29286685999999995 0.37615005999999995 0.130388401 0.5892100499999999 0.21586708 0.33672066999999994 0.39399646 0.35449271 0.50810188 0.29595279999999996 0.3857425 0.42295967999999995 0.5010376799999999 0.46393204 0.0 0.50600121 0.46523334 0.37615005999999995 0.28580266 0.0 0.0 0.35462283999999994 0.23741288999999996 0.35462283999999994 0.177744567 0.33099494999999995 0.37419811 0.23741288999999996 0.35462283999999994 0.177744567 0.33099494999999995 0.37419811 0.23741288999999996
29 0.39719393999999997 0.48462270999999996 0.4110992599999999 0.6318369199999999 0.30268238 0.29232775 0.45298253 0.60054995 0.55336853 0.47540206999999995 0.28219619999999995 0.4266404999999999 0.44327855 0.51181988 0.3854822399999999 0.5301496199999999 0.20212906999999997 0.5827964999999999 0.39672918999999995 0.25360478 0.57344573 0.25133679999999997 0.4613666199999999 0.6046955199999999 0.5186609999999999 0.37644749999999993 0.34826505999999996 0.5655635699999999 0.0 0.31777745999999996 0.3854822399999999 0.4521087999999999 0.0 0.0 0.31006260999999996 0.59969481 0.31006260999999996 0.54466841 0.65219297 0.36226333 0.59969481 0.31006260999999996 0.54466841 0.65219297 0.36226333 0.59969481
30 0.16617786899999998 0.41459418 0.34107073 0.5618083899999999 0.20943493999999999 0.22229921999999996 0.38295399999999996 0.53052142 0.48334 0.29236492999999997 0.159946501 0.35663056 0.17656967899999998 0.4418099399999999 0.136445023 0.45275945 0.27433262999999997 0.51276797 0.165718696 0.070554627 0.5034172 0.19320586999999997 0.35601709 0.53466699 0.44863246999999995 0.126298601 0.27823653 0.4955350399999999 0.19110519999999998 0.0 0.136445023 0.22109087 0.0 0.0 0.127019893 0.52968487 0.127019893 0.47465847 0.5821830299999999 0.21136829999999998 0.52968487 0.127019893 0.47465847 0.5821830299999999 0.21136829999999998 0.52968487
31 0.04409919799999999 0.32132815 0.30087915 0.46854235999999994 0.15230972899999998 0.27115374 0.34276242 0.43727397999999995 0.39007397 0.18943209999999996 0.169380926 0.31642038999999994 0.12662020799999998 0.34854390999999996 0.0 0.34982662 0.34956635999999996 0.41950193999999996 0.039427530999999995 0.14579765199999997 0.41015117 0.26845819 0.29890860999999996 0.44140095999999995 0.40844088999999995 0.21845109 0.30050735 0.4022690099999999 0.26635752 0.21703825 0.0 0.09901405799999999 0.0 0.0 0.10643332699999998 0.4364188399999999 0.10643332699999998 0.38139244 0.48891699999999993 0.15425052499999997 0.4364188399999999 0.10643332699999998 0.38139244 0.48891699999999993 0.15425052499999997 0.4364188399999999
32 0.163627321 0.25942344999999994 0.37551799999999996 0.4066376599999999 0.22694672 0.34579258999999996 0.41740126999999994 0.37535068999999993 0.32816926999999996 0.127514387 0.24403092999999998 0.30184583 0.131042769 0.28662062 0.144085513 0.28792191999999994 0.42420520999999994 0.35759724 0.16316814799999999 0.22044021999999996 0.34824647 0.34309703999999996 0.23821225999999998 0.3794962599999999 0.39384773999999995 0.25235925 0.37514619999999993 0.34036430999999995 0.34099637 0.29167709999999997 0.144085513 0.0 0.0 0.0 0.18107775399999998 0.37449554999999995 0.18107775399999998 0.31948773999999996 0.4270123 0.22889867 0.37449554999999995 0.18107775399999998 0.31948773999999996 0.4270123 0.22889867 0.37449554999999995
33 0.0 0.0 0.0 0.0 0.0 0.0 0.0 0.0 0.0 0.0 0.0 0.0 0.0 0.0 0.0 0.0 0.0 0.0 0.0 0.0 0.0 0.0 0.0 0.0 0.0 0.0 0.0 0.0 0.0 0.0 0.0 0.0 0.0 0.0 0.0 0.0 0.0 0.0 0.0 0.0 0.0 0.0 0.0 0.0 0.0 0.0
34 0.0 0.0 0.0 0.0 0.0 0.0 0.0 0.0 0.0 0.0 0.0 0.0 0.0 0.0 0.0 0.0 0.0 0.0 0.0 0.0 0.0 0.0 0.0 0.0 0.0 0.0 0.0 0.0 0.0 0.0 0.0 0.0 0.0 0.0 0.0 0.0 0.0 0.0 0.0 0.0 0.0 0.0 0.0 0.0 0.0 0.0
35 0.11813387299999999 0.32826222 0.26198887 0.47547642999999995 0.11342130799999998 0.19945210999999996 0.30387213999999996 0.44418946 0.39700804 0.19634758 0.097679296 0.2775487 0.20066045999999996 0.35545938999999993 0.10643332699999998 0.35676069 0.27414672999999995 0.4264360099999999 0.1176747 0.070378022 0.4170852399999999 0.19301996999999999 0.26001832999999996 0.44833502999999997 0.36955060999999995 0.21683376 0.25538942 0.40920307999999994 0.19093788999999997 0.141614902 0.10643332699999998 0.173050592 0.0 0.0 0.0 0.44333431999999995 0.0 0.38830792 0.49585106999999995 0.115362104 0.44333431999999995 0.0 0.38830792 0.49585106999999995 0.115362104 0.44333431999999995
36 0.30757154999999997 0.021912032999999997 0.35886135999999996 0.17377374299999998 0.33502898 0.36129664999999994 0.40074462999999994 0.142490491 0.22897303 0.15713941099999998 0.3520945999999999 0.21861839999999996 0.35012405999999996 0.18742437999999997 0.34655478 0.06744452 0.55199287 0.120085823 0.30712538999999994 0.36440117999999994 0.24905022999999996 0.47086611 0.18028210199999997 0.28030002 0.31751719999999994 0.4714424 0.35848955999999993 0.10285103399999998 0.46878402999999996 0.43563805999999994 0.34655478 0.25618879 0.0 0.0 0.32502755999999994 0.0 0.32502755999999994 0.08196516899999999 0.23521926999999998 0.33696233999999997 0.0 0.32502755999999994 0.08196516899999999 0.23521926999999998 0.33696233999999997 0.0
37 0.11813387299999999 0.32826222 0.26198887 0.47547642999999995 0.11342130799999998 0.19945210999999996 0.30387213999999996 0.44418946 0.39700804 0.19634758 0.097679296 0.2775487 0.20066045999999996 0.35545938999999993 0.10643332699999998 0.35676069 0.27414672999999995 0.4264360099999999 0.1176747 0.070378022 0.4170852399999999 0.19301996999999999 0.26001832999999996 0.44833502999999997 0.36955060999999995 0.21683376 0.25538942 0.40920307999999994 0.19093788999999997 0.141614902 0.10643332699999998 0.173050592 0.0 0.0 0.0 0.44333431999999995 0.0 0.38830792 0.49585106999999995 0.115362104 0.44333431999999995 0.0 0.38830792 0.49585106999999995 0.115362104 0.44333431999999995
38 0.35806198999999994 0.27204606 0.48518040999999995 0.29043157 0.3931413199999999 0.4876157 0.5270636799999999 0.25914459999999995 0.35529207999999995 0.20763170999999997 0.41020693999999996 0.34495603999999996 0.40061449999999993 0.31376202 0.39702662999999994 0.151274266 0.61010521 0.23674365 0.35759724 0.41487303 0.37536927999999997 0.5289784499999999 0.31682936999999994 0.40661906999999997 0.44383625 0.52193284 0.4848086099999999 0.020884005999999997 0.52687778 0.48610991 0.39702662999999994 0.30667922999999997 0.0 0.0 0.37551799999999996 0.25830804999999996 0.37551799999999996 0.0 0.35189011 0.39507467999999996 0.25830804999999996 0.37551799999999996 0.0 0.35189011 0.39507467999999996 0.25830804999999996
39 0.37269231999999997 0.08701979 0.30015413999999996 0.10540715899999999 0.35365616 0.30258942999999994 0.34203741 0.074122048 0.17026766899999998 0.22224344999999998 0.37074036999999993 0.159922334 0.4152448299999999 0.128724596 0.41165695999999996 0.132554136 0.56987645 0.14392563899999997 0.37222756999999995 0.42950335999999995 0.047012251 0.48876827999999994 0.20095789999999997 0.07826575899999999 0.25880998 0.53656317 0.29978234 0.167958791 0.45134661 0.50074024 0.41165695999999996 0.32130955999999994 0.0 0.0 0.39014833 0.07327062599999999 0.39014833 0.14707478499999999 0.0 0.35560811 0.07327062599999999 0.39014833 0.14707478499999999 0.0 0.35560811 0.07327062599999999
40 0.21001122999999997 0.33352318999999997 0.25999974 0.4807373999999999 0.118676701 0.141218935 0.30188300999999995 0.44945042999999996 0.4022690099999999 0.28656485 0.03945169799999999 0.27554098 0.28583984 0.36072035999999996 0.19831812 0.3790501 0.23934624999999998 0.43169697999999995 0.20956506999999996 0.127966124 0.4223276199999999 0.158225067 0.27736279999999996 0.45359599999999994 0.36756148 0.26736138 0.19716553999999997 0.4144640499999999 0.156133692 0.19214624 0.19831812 0.26492609 0.0 0.0 0.12289848999999999 0.44859529 0.12289848999999999 0.39356889 0.5010934499999999 0.0 0.44859529 0.12289848999999999 0.39356889 0.5010934499999999 0.0 0.44859529
41 0.30757154999999997 0.021912032999999997 0.35886135999999996 0.17377374299999998 0.33502898 0.36129664999999994 0.40074462999999994 0.142490491 0.22897303 0.15713941099999998 0.3520945999999999 0.21861839999999996 0.35012405999999996 0.18742437999999997 0.34655478 0.06744452 0.55199287 0.120085823 0.30712538999999994 0.36440117999999994 0.24905022999999996 0.47086611 0.18028210199999997 0.28030002 0.31751719999999994 0.4714424 0.35848955999999993 0.10285103399999998 0.46878402999999996 0.43563805999999994 0.34655478 0.25618879 0.0 0.0 0.32502755999999994 0.0 0.32502755999999994 0.08196516899999999 0.23521926999999998 0.33696233999999997 0.0 0.32502755999999994 0.08196516899999999 0.23521926999999998 0.33696233999999997 0.0
42 0.11813387299999999 0.32826222 0.26198887 0.47547642999999995 0.11342130799999998 0.19945210999999996 0.30387213999999996 0.44418946 0.39700804 0.19634758 0.097679296 0.2775487 0.20066045999999996 0.35545938999999993 0.10643332699999998 0.35676069 0.27414672999999995 0.4264360099999999 0.1176747 0.070378022 0.4170852399999999 0.19301996999999999 0.26001832999999996 0.44833502999999997 0.36955060999999995 0.21683376 0.25538942 0.40920307999999994 0.19093788999999997 0.141614902 0.10643332699999998 0.173050592 0.0 0.0 0.0 0.44333431999999995 0.0 0.38830792 0.49585106999999995 0.115362104 0.44333431999999995 0.0 0.38830792 0.49585106999999995 0.115362104 0.44333431999999995
43 0.35806198999999994 0.27204606 0.48518040999999995 0.29043157 0.3931413199999999 0.4876157 0.5270636799999999 0.25914459999999995 0.35529207999999995 0.20763170999999997 0.41020693999999996 0.34495603999999996 0.40061449999999993 0.31376202 0.39702662999999994 0.151274266 0.61010521 0.23674365 0.35759724 0.41487303 0.37536927999999997 0.5289784499999999 0.31682936999999994 0.40661906999999997 0.44383625 0.52193284 0.4848086099999999 0.020884005999999997 0.52687778 0.48610991 0.39702662999999994 0.30667922999999997 0.0 0.0 0.37551799999999996 0.25830804999999996 0.37551799999999996 0.0 0.35189011 0.39507467999999996 0.25830804999999996 0.37551799999999996 0.0 0.35189011 0.39507467999999996 0.25830804999999996
44 0.37269231999999997 0.08701979 0.30015413999999996 0.10540715899999999 0.35365616 0.30258942999999994 0.34203741 0.074122048 0.17026766899999998 0.22224344999999998 0.37074036999999993 0.159922334 0.4152448299999999 0.128724596 0.41165695999999996 0.132554136 0.56987645 0.14392563899999997 0.37222756999999995 0.42950335999999995 0.047012251 0.48876827999999994 0.20095789999999997 0.07826575899999999 0.25880998 0.53656317 0.29978234 0.167958791 0.45134661 0.50074024 0.41165695999999996 0.32130955999999994 0.0 0.0 0.39014833 0.07327062599999999 0.39014833 0.14707478499999999 0.0 0.35560811 0.07327062599999999 0.39014833 0.14707478499999999 0.0 0.35560811 0.07327062599999999
45 0.21001122999999997 0.33352318999999997 0.25999974 0.4807373999999999 0.118676701 0.141218935 0.30188300999999995 0.44945042999999996 0.4022690099999999 0.28656485 0.03945169799999999 0.27554098 0.28583984 0.36072035999999996 0.19831812 0.3790501 0.23934624999999998 0.43169697999999995 0.20956506999999996 0.127966124 0.4223276199999999 0.158225067 0.27736279999999996 0.45359599999999994 0.36756148 0.26736138 0.19716553999999997 0.4144640499999999 0.156133692 0.19214624 0.19831812 0.26492609 0.0 0.0 0.12289848999999999 0.44859529 0.12289848999999999 0.39356889 0.5010934499999999 0.0 0.44859529 0.12289848999999999 0.39356889 0.5010934499999999 0.0 0.44859529
46 0.30757154999999997 0.021912032999999997 0.35886135999999996 0.17377374299999998 0.33502898 0.36129664999999994 0.40074462999999994 0.142490491 0.22897303 0.15713941099999998 0.3520945999999999 0.21861839999999996 0.35012405999999996 0.18742437999999997 0.34655478 0.06744452 0.55199287 0.120085823 0.30712538999999994 0.36440117999999994 0.24905022999999996 0.47086611 0.18028210199999997 0.28030002 0.31751719999999994 0.4714424 0.35848955999999993 0.10285103399999998 0.46878402999999996 0.43563805999999994 0.34655478 0.25618879 0.0 0.0 0.32502755999999994 0.0 0.32502755999999994 0.08196516899999999 0.23521926999999998 0.33696233999999997 0.0 0.32502755999999994 0.08196516899999999 0.23521926999999998 0.33696233999999997 0.0
;
param alpha := 42 0.055 43 0.055 44 0.055 45 0.055 46 0.055;
param Tp := 110.4568;
param w1 := 0.75;
param w2 := 0.25;
param M:
 1 2 3 4 5 6 7 8 9 10 11 12 13 14 15 16 17 18 19 20 21 22 23 24 25 26 27 28 29 30 31 32 33 34 35 36 37 38 39 40 41 42 43 44 45 46:=
1 127.5 130.5406 131.2954 132.1244 129.6972 130.9756 131.7462 131.7878 131.2802 129.12136 129.8808 130.9968 128.44566 130.8332 128.586 130.8472 131.7154 128.5968 124.90093999999999 113.5232 114.49600000000001 90.8426 89.3124 81.8324 70.98679999999999 67.7508 54.29159999999999 54.41120000000001 32.8202 25.289600000000007 22.586000000000013 21.148680000000013 127.5 127.5 129.20362 131.7786 129.20362 131.1866 132.3434 129.718 131.7786 129.20362 131.1866 132.3434 129.718 131.7786
2 131.1622 127.5 131.30180000000001 129.20656 131.4574 131.328 131.7524 128.86998 129.9044 129.5436 131.641 129.793 131.62 129.45742 131.5814 128.06262 133.7916 125.62896 127.15719999999999 115.77340000000001 113.12039999999999 92.9188 88.7926 80.45660000000001 69.857 70.92500000000001 54.297799999999995 51.44354000000001 34.8964 27.539800000000014 25.581400000000002 23.609199999999987 127.5 127.5 131.3498 128.86084 131.3498 128.21884 129.8676 131.4782 128.86084 131.3498 128.21884 129.8676 131.4782 128.86084
3 130.0912 129.8038 127.5 131.3876 129.7946 129.24506 129.6694 131.0512 130.5434 130.6828 129.9782 129.1802 130.979 130.0966 130.5104 130.2938 132.1208 127.86000000000001 126.0864 114.70240000000001 113.7594 91.24799999999999 88.62180000000001 81.09559999999999 69.1702 70.2782 52.214879999999994 53.6746 32.84559999999999 26.468799999999987 24.510400000000004 23.681999999999988 127.5 127.5 130.279 131.042 130.279 130.45 131.6068 129.8154 131.042 130.279 130.45 131.6068 129.8154 131.042
4 130.794 129.04874 129.9338 127.5 130.5094 129.96 130.3844 129.04396 128.53634 129.9276 130.693 128.42506 131.2998 128.0894 131.2134 129.5386 132.8356 126.79499999999999 126.7892 115.40539999999999 111.75229999999999 91.96279999999999 87.86655999999999 79.08854 68.48895999999999 70.60499999999999 52.9298 52.9196 33.56039999999999 27.17179999999999 25.213400000000007 23.289199999999994 127.5 127.5 130.9818 129.03482 130.9818 129.6948 129.5996 130.5302 129.03482 130.9818 129.6948 129.5996 130.5302 129.03482
5 130.3008 130.0134 129.22236 131.5972 127.5 128.90856 129.673 131.2606 130.753 130.8922 129.07768 129.3897 131.1886 130.306 130.72 130.5032 131.1602 128.0696 126.29579999999999 113.96199999999999 113.969 90.2876 88.8312 81.30520000000001 69.37960000000001 69.4616 52.21835999999999 53.88419999999999 31.88499999999999 25.6524 24.72 23.89160000000001 127.5 127.5 129.9754 131.2514 129.9754 130.6594 131.8162 130.025 131.2514 129.9754 130.6594 131.8162 130.025 131.2514
6 130.1902 129.9028 129.11178 131.4866 129.8934 127.5 129.5624 131.15 130.6424 130.7816 129.9312 129.2791 131.078 130.1954 130.6094 130.3926 132.0136 127.959 126.18520000000001 114.8014 113.85839999999999 91.14099999999999 88.72059999999999 81.19460000000001 69.269 70.315 52.10777999999999 53.77359999999999 32.73840000000001 26.505799999999994 24.609399999999994 23.781000000000006 127.5 127.5 130.3778 131.1408 130.3778 130.5488 131.7058 129.9144 131.1408 130.3778 130.5488 131.7058 129.9144 131.1408
7 131.4308 129.6894 129.02642 130.3072 131.134 130.5846 127.5 129.9706 129.17704 130.5682 131.3178 129.06574 131.9406 129.9822 131.85 130.1792 133.4602 127.7216 127.42580000000001 116.042 112.679 92.58760000000001 88.50720000000001 80.0152 67.51166 71.2458 52.98240000000001 53.56020000000001 34.185 27.808400000000006 25.849999999999994 23.930000000000007 127.5 127.5 131.6186 129.9616 131.6186 130.3356 130.4644 131.155 129.9616 131.6186 130.3356 130.4644 131.155 129.9616
8 131.1306 129.3853 130.2702 127.83656 130.846 130.2964 130.721 127.5 128.8729 130.2642 131.0296 128.76162 131.6364 128.42598 131.5498 129.8752 133.1722 127.13159999999999 127.1258 115.74180000000001 112.08886000000001 92.29939999999999 88.20312000000001 79.42509999999999 68.82560000000001 70.9416 53.2662 53.256 33.89699999999999 27.508399999999995 25.549800000000005 23.625799999999998 127.5 127.5 131.3184 129.37138 131.3184 130.0314 129.9362 130.8668 129.37138 131.3184 130.0314 129.9362 130.8668 129.37138
9 130.106 129.8186 129.23358 130.5844 129.8092 129.25978 129.6842 130.2478 127.5 130.6974 129.993 129.19492 130.9938 130.1112 130.5252 130.3084 132.1354 127.8748 126.101 114.71719999999999 112.9562 91.2628 88.63640000000001 80.29239999999999 67.78881999999999 70.293 52.22958 53.689400000000006 32.86019999999999 26.483599999999996 24.525200000000012 23.696799999999996 127.5 127.5 130.2938 130.2386 130.2938 130.4646 130.7416 129.8302 130.2386 130.2938 130.4646 130.7416 129.8302 130.2386
10 129.42468 129.22532 131.3624 130.8092 130.062 131.3406 131.813 130.4726 129.965 127.5 130.2456 129.8536 129.8824 129.518 129.844 129.532 132.2282 127.2816 125.41973999999999 114.036 113.1808 91.3554 88.44116 80.5172 69.9176 69.1876 54.35839999999999 53.09620000000001 33.333 25.802400000000006 23.843999999999994 21.871859999999998 127.5 127.5 129.6124 130.4634 129.6124 129.8714 131.0282 130.0828 130.4634 129.6124 129.8714 131.0282 130.0828 130.4634
11 130.2468 131.4094 130.6184 132.9932 129.452 129.34052 131.069 132.6566 132.149 131.0882 127.5 130.7856 130.7426 131.702 130.1208 131.8992 129.9002 129.4656 126.24180000000001 112.70194000000001 115.36500000000001 89.02748 90.1592 82.7012 70.7756 68.20160000000001 52.94239999999999 55.28020000000001 31.00497999999999 24.392359999999996 24.120800000000003 23.83760000000001 127.5 127.5 129.30942 132.6474 129.30942 132.0554 133.2122 129.8708 132.6474 129.30942 132.0554 133.2122 129.8708 132.6474
12 131.29 128.29258 130.4296 129.8764 131.0052 130.4558 130.8802 129.5398 129.03218 129.7474 131.1888 127.5 131.79579999999999 128.58526 131.7092 128.78246 133.3314 126.34878 127.285 115.90119999999999 112.24814 92.4588 88.36240000000001 79.58439999999999 68.9848 71.10079999999999 53.4256 52.16336000000001 34.05619999999999 27.667599999999993 25.70920000000001 23.785200000000003 127.5 127.5 131.4776 129.5306 131.4776 128.93868 130.0954 131.0262 129.5306 131.4776 128.93868 130.0954 131.0262 129.5306
13 129.39342 131.906 131.749 133.4898 130.1848 130.4712 132.1996 133.1532 132.6456 130.487 129.8004 131.9164 127.5 132.1988 129.07354 132.2126 131.031 129.9622 125.38847999999999 112.83866 115.86160000000001 90.1582 90.67779999999999 83.1978 71.90620000000001 67.06638000000001 54.07300000000001 55.77680000000001 32.13560000000001 24.60499999999999 23.07354000000001 22.514199999999988 127.5 127.5 129.44614 133.1442 129.44614 132.5522 133.709 130.2056 133.1442 129.44614 132.5522 133.709 130.2056 133.1442
14 130.3726 128.62732 129.5124 130.2112 130.088 129.5386 129.963 129.8746 128.11494 129.5062 130.2716 128.00364 130.8784 127.5 130.792 129.1172 132.4142 126.68360000000001 126.36779999999999 114.98400000000001 112.58279999999999 91.54140000000001 87.44514000000001 79.91919999999999 68.06754000000001 70.18360000000001 52.508399999999995 52.498099999999994 33.13900000000001 26.750400000000013 24.792 22.86779999999999 127.5 127.5 130.5604 129.8654 130.5604 129.27342 130.4302 130.1088 129.8654 130.5604 129.27342 130.4302 130.1088 129.8654
15 127.97444 130.957 130.737 132.5408 129.13862 130.4172 131.1876 132.2044 131.6966 129.538 129.32228 130.9042 128.86223999999999 131.2498 127.5 131.2636 131.2608 129.0132 123.92418 113.06855999999999 114.9126 90.38820000000001 89.7158 82.24879999999999 70.89420000000001 67.8502 53.733000000000004 54.827799999999996 32.3656 24.835000000000008 21.5 21.56523999999999 127.5 127.5 128.64506 132.1952 128.64506 131.6032 132.76 129.1595 132.1952 128.64506 131.6032 132.76 129.1595 132.1952
16 131.1684 128.90634 131.1994 129.10416 131.4638 131.2256 131.65 128.76758 129.802 129.55 131.6474 129.6906 131.6262 129.35502 131.5876 127.5 133.798 125.52655999999999 127.1636 115.77959999999999 113.018 92.92519999999999 88.799 80.35419999999999 69.75460000000001 70.9314 54.19540000000001 51.34111999999999 34.82599999999999 27.5462 25.58760000000001 23.6156 127.5 127.5 131.3562 128.75844 131.3562 128.11644 129.7652 131.4846 128.75844 131.3562 128.11644 129.7652 131.4846 128.75844
17 17.8614 19.562 18.771 21.1458 17.46472 17.49324 19.2216 20.8094 20.3016 18.703 16.82238 18.9384 18.3572 19.8548 17.735599999999998 20.052 15.5 17.6182 13.8564 0.31665999999999883 3.5176000000000016 0.0 0.0 0.0 0.0 0.0 0.0 0.0 0.0 0.0 0.0 0.0 15.5 15.5 16.92414 20.8002 16.92414 20.208199999999998 21.365000000000002 17.4856 20.8002 16.92414 20.208199999999998 21.365000000000002 17.4856 20.8002
18 22.2898 19.21652 21.5096 19.41432 22.0852 21.5356 21.9602 19.07776 20.11212 20.6714 22.2688 20.00084 22.7476 19.6652 22.7092 19.7064 24.4114 15.5 18.285 6.901199999999999 3.32808 0.0 0.0 0.0 0.0 0.0 0.0 0.0 0.0 0.0 0.0 0.0 18.5 18.5 22.4776 19.0686 22.4776 19.8626 21.1754 22.106 19.0686 22.4776 19.8626 21.1754 22.106 19.0686
19 19.550262 22.533 23.0518 24.116799999999998 21.45356 22.732 23.5026 23.7802 23.2726 21.11374 21.6372 22.9892 20.43806 22.8256 19.92418 22.8396 23.5758 20.589199999999998 15.5 5.3835000000000015 6.488399999999999 0.0 0.0 0.0 0.0 0.0 0.0 0.0 0.0 0.0 0.0 0.0 19.5 19.5 20.96 23.771 20.96 23.179 24.3358 21.47444 23.771 20.96 23.179 24.3358 21.47444 23.771
20 33.19444 35.351 34.56 36.9348 33.14374 33.28226 35.0106 36.5984 36.0906 34.036 32.6114 34.7274 33.7662 35.6438 33.06856 35.7616 33.842 33.4072 29.189500000000002 15.5 19.306600000000003 0.0 0.0 0.0 0.0 0.0 0.0 0.0 0.0 0.0 0.0 0.0 31.5 31.5 32.25716 36.5892 32.25716 35.9972 37.153999999999996 33.16462 36.5892 32.25716 35.9972 37.153999999999996 33.16462 36.5892
21 37.1496 34.0762 36.3692 34.274 36.9448 36.3954 36.8198 33.93744 34.9718 35.531 37.1286 34.8606 37.6074 34.5248 37.5688 33.91808 39.271 30.696420000000003 33.1446 21.760800000000003 15.5 0.0 0.0 0.0 0.0 0.0 0.0 0.0 0.0 0.0 0.0 0.0 32.5 32.5 37.3374 33.92828 37.3374 34.0743 34.15512 36.9658 33.92828 37.3374 34.0743 34.15512 36.9658 33.92828
22 58.7364 60.437 59.646 62.0208 58.3396 58.3682 60.0966 61.6842 61.1766 59.577799999999996 57.6974 59.8134 59.2322 60.7298 58.6106 60.9268 56.63788 58.4932 54.7314 41.19162 44.3926 15.5 19.0128 11.7288 0.0 0.0 0.0 0.0 0.0 0.0 0.0 0.0 55.5 55.5 57.7992 61.675200000000004 57.7992 61.0832 62.24 58.3606 61.675200000000004 57.7992 61.0832 62.24 58.3606 61.675200000000004
23 58.666 59.2186 60.1176 60.8024 58.5194 59.7978 60.5682 60.466 59.9584 57.79954 58.703 59.061 59.1718 59.5114 59.0852 59.5254 60.8536 57.275 54.6612 43.2772 43.1742 19.980800000000002 15.5 10.510599999999997 0.0 0.0 0.0 0.0 0.0 0.0 0.0 0.0 56.5 56.5 58.8538 60.4568 58.8538 59.8648 61.0216 58.5402 60.4568 58.8538 59.8648 61.0216 58.5402 60.4568
24 69.8134 66.73996 69.033 66.93776 69.6086 69.0592 69.4836 66.6012 67.6356 68.1948 69.7922 67.5242 70.2712 67.18864 70.2326 66.58184 71.9348 63.36018 65.8084 54.4246 50.133520000000004 31.062200000000004 26.9658 15.5 7.536199999999994 9.5762 0.0 0.0 0.0 0.0 0.0 0.0 65.5 65.5 70.001 66.59204 70.001 66.73806 66.81888000000001 69.6296 66.59204 70.001 66.73806 66.81888000000001 69.6296 66.59204
25 80.8512 79.1058 78.8128 79.5056 80.5664 80.017 79.2634 79.169 78.5934 79.9846 80.7502 78.48212 81.357 79.3984 81.2704 79.5956 82.8926 76.92 76.8462 65.4624 61.877399999999994 42.019999999999996 37.92359999999999 29.2136 15.5 20.6622 2.768799999999999 2.976600000000005 0.0 0.0 0.0 0.0 76.5 76.5 81.039 79.1598 81.039 79.7518 78.5628 80.5874 79.1598 81.039 79.7518 78.5628 80.5874 79.1598
26 80.342 82.8546 82.4996 84.4384 81.0834 81.2218 82.9502 84.102 83.5942 81.4356 80.551 82.667 79.8458 83.1474 80.0222 83.1612 81.1516 80.9108 76.337 63.589200000000005 66.8102 40.278800000000004 41.626400000000004 34.1464 22.656800000000004 15.5 4.823599999999999 6.725399999999993 0.0 0.0 0.0 0.0 77.5 77.5 80.1968 84.0928 80.1968 83.5008 84.6576 81.1042 84.0928 80.1968 83.5008 84.6576 81.1042 84.0928
27 95.9128 95.6254 93.82246 96.9272 94.5702 93.55664 94.27306 96.5908 95.797 96.5044 94.34978 95.0018 96.8006 95.9182 96.059 96.1154 96.4324 93.6816 91.9078 79.234 79.299 55.5596 54.443200000000004 46.6352 34.131600000000006 34.7338 15.5 19.4962 0.0 0.0 0.0 0.0 92.5 92.5 95.2476 96.5816 95.2476 96.2716 96.2744 95.637 96.5816 95.2476 96.2716 96.2744 95.637 96.5816
28 96.1276 95.2022 97.4952 95.4 96.5048 97.5214 97.9458 95.0634 96.0978 94.509 96.6884 95.9864 96.58539999999999 95.6508 96.5468 93.90278 98.839 91.8224 92.1226 80.7388 79.3138 57.96639999999999 54.684 46.650000000000006 36.050399999999996 35.8904 20.491200000000006 15.5 0.0 0.0 0.0 0.0 92.5 92.5 96.3152 95.0542 96.3152 94.41226 96.061 96.5258 95.0542 96.3152 94.41226 96.061 96.5258 95.0542
29 117.7732 118.7138 117.9228 120.2976 116.7564 116.645 118.3734 119.961 119.4534 118.6146 116.536 118.09 118.269 119.0064 117.6472 119.2036 115.6746 116.77 113.76820000000001 100.2284 102.6694 76.204 77.4636 70.0056 58.08 55.55 40.24679999999999 42.584599999999995 15.5 11.918800000000005 11.647199999999998 11.364000000000004 113.5 113.5 116.8358 119.9518 116.8358 119.3598 120.5166 117.3974 119.9518 116.8358 119.3598 120.5166 117.3974 119.9518
30 122.28782 124.96039999999999 124.1694 126.5442 122.7532 122.8916 124.62 126.2076 125.7 123.6454 122.22078 124.3368 122.39962 125.25319999999999 121.96794 125.371 123.4514 123.0166 118.28288 105.25906 108.916 82.5786 83.3302 76.2522 64.3266 59.858779999999996 46.493399999999994 48.831199999999995 24.555999999999997 15.5 15.967939999999999 15.878600000000006 120.5 120.5 121.86654 126.1986 121.86654 125.6066 126.7634 122.774 126.1986 121.86654 125.6066 126.7634 122.774 126.1986
31 121.97444 124.957 124.737 126.5408 123.13862 124.4172 125.1876 126.20439999999999 125.6966 123.538 123.32228 124.9042 122.86224 125.2498 121.5 125.2636 125.2608 123.0132 117.92418 107.06856 108.9126 84.3882 83.7158 76.2488 64.8942 61.8502 47.733000000000004 48.827799999999996 26.3656 18.834999999999994 15.5 15.565240000000003 121.5 121.5 122.64506 126.1952 122.64506 125.6032 126.76 123.1595 126.1952 122.64506 125.6032 126.76 123.1595 126.1952
32 124.26038 125.291 126.54 126.8748 124.9416 126.2202 126.9906 126.5382 126.0306 123.87186 125.1254 125.7474 123.90982 125.5836 124.05014 125.5976 127.0638 123.3472 120.25544 108.8716 109.2466 86.1912 84.0628 76.5828 65.7372 63.215 49.536 49.1618 28.168599999999998 20.638000000000005 18.05014 15.5 122.5 122.5 124.44812 126.529 124.44812 125.9372 127.094 124.9626 126.529 124.44812 125.9372 127.094 124.9626 126.529
33 127.0 127.0 127.0 127.0 127.0 127.0 127.0 127.0 127.0 127.0 127.0 127.0 127.0 127.0 127.0 127.0 127.0 124.0 123.0 111.0 110.0 87.0 86.0 77.0 66.0 65.0 50.0 50.0 29.0 22.0 21.0 20.0 127.0 127.0 127.0 127.0 127.0 127.0 127.0 127.0 127.0 127.0 127.0 127.0 127.0 127.0
34 127.0 127.0 127.0 127.0 127.0 127.0 127.0 127.0 127.0 127.0 127.0 127.0 127.0 127.0 127.0 127.0 127.0 124.0 123.0 111.0 110.0 87.0 86.0 77.0 66.0 65.0 50.0 50.0 29.0 22.0 21.0 20.0 127.0 127.0 127.0 127.0 127.0 127.0 127.0 127.0 127.0 127.0 127.0 127.0 127.0 127.0
35 128.27094 130.5316 129.8186 132.1154 128.22024 129.1458 130.2692 131.7788 131.2712 129.1124 128.05088 129.986 129.1588 130.8242 128.14506 130.8382 129.9494 128.5878 124.26599999999999 111.75716 114.4872 89.07660000000001 88.79740000000001 81.82339999999999 69.97579999999999 67.33279999999999 52.747600000000006 54.4024 31.05420000000001 23.523560000000003 22.14506 21.861760000000004 127.0 127.0 127.0 131.7696 127.0 131.1776 132.3346 128.24112 131.7696 127.0 131.1776 132.3346 128.24112 131.7696
36 130.309 127.23574 130.8608 128.86954 130.6044 130.887 131.3114 128.53298 129.4634 128.69058 130.788 129.352 130.7668 129.0164 130.7284 127.7256 132.9386 125.29194000000001 126.30420000000001 114.9204 112.67939999999999 92.0658 87.93956 80.0156 69.416 70.072 53.85679999999999 51.10651999999999 34.04339999999999 26.686800000000005 24.728399999999993 22.756200000000007 127.0 127.0 130.4968 127.0 130.4968 127.88182 129.5306 130.6252 127.0 130.4968 127.88182 129.5306 130.6252 127.0
37 128.27094 130.5316 129.8186 132.1154 128.22024 129.1458 130.2692 131.7788 131.2712 129.1124 128.05088 129.986 129.1588 130.8242 128.14506 130.8382 129.9494 128.5878 124.26599999999999 111.75716 114.4872 89.07660000000001 88.79740000000001 81.82339999999999 69.97579999999999 67.33279999999999 52.747600000000006 54.4024 31.05420000000001 23.523560000000003 22.14506 21.861760000000004 127.0 127.0 127.0 131.7696 127.0 131.1776 132.3346 128.24112 131.7696 127.0 131.1776 132.3346 128.24112 131.7696
38 130.8522 129.92680000000001 132.2198 130.1246 131.2296 132.246 132.6704 129.788 130.8224 129.2338 131.4132 130.7112 131.31 130.3756 131.2714 128.62748 133.5638 126.547 126.84719999999999 115.46340000000001 114.0384 92.691 89.4086 81.37459999999999 70.775 70.61519999999999 55.2158 50.224680000000006 34.66839999999999 27.22980000000001 25.2714 23.29939999999999 127.0 127.0 131.04 129.779 131.04 127.0 130.7858 131.2504 129.779 131.04 127.0 130.7858 131.2504 129.779
39 131.0096 127.9362 130.2292 128.13402 130.8048 130.2554 130.6798 127.79744 128.83182 129.391 130.9886 128.72052 131.4674 128.38488 131.4288 128.42608 133.131 125.54842 127.00460000000001 115.6208 110.50578 92.2584 88.162 77.84202 68.7844 70.77260000000001 53.2252 51.80698000000001 33.85579999999999 27.387200000000007 25.428799999999995 23.456799999999987 127.0 127.0 131.1974 127.78828 131.1974 128.5823 127.0 130.8258 127.78828 131.1974 128.5823 127.0 130.8258 127.78828
40 129.2594 130.5882 129.7972 132.172 128.27678 128.5193 130.2478 131.8354 131.3278 130.083 127.42444 129.9644 130.0752 130.8808 129.1336 131.078 129.575 128.6444 125.25460000000001 112.37672 114.5436 88.70226 88.98400000000001 81.88 69.95439999999999 67.87639999999999 52.12119999999999 54.459 30.679759999999987 24.067200000000014 23.1336 22.8502 127.0 127.0 128.3222 131.8262 128.3222 131.2342 132.391 127.0 131.8262 128.3222 131.2342 132.391 127.0 131.8262
41 130.309 127.23574 130.8608 128.86954 130.6044 130.887 131.3114 128.53298 129.4634 128.69058 130.788 129.352 130.7668 129.0164 130.7284 127.7256 132.9386 125.29194000000001 126.30420000000001 114.9204 112.67939999999999 92.0658 87.93956 80.0156 69.416 70.072 53.85679999999999 51.10651999999999 34.04339999999999 26.686800000000005 24.728399999999993 22.756200000000007 127.0 127.0 130.4968 127.0 130.4968 127.88182 129.5306 130.6252 127.0 130.4968 127.88182 129.5306 130.6252 127.0
42 128.27094 130.5316 129.8186 132.1154 128.22024 129.1458 130.2692 131.7788 131.2712 129.1124 128.05088 129.986 129.1588 130.8242 128.14506 130.8382 129.9494 128.5878 124.26599999999999 111.75716 114.4872 89.07660000000001 88.79740000000001 81.82339999999999 69.97579999999999 67.33279999999999 52.747600000000006 54.4024 31.05420000000001 23.523560000000003 22.14506 21.861760000000004 127.0 127.0 127.0 131.7696 127.0 131.1776 132.3346 128.24112 131.7696 127.0 131.1776 132.3346 128.24112 131.7696
43 130.8522 129.92680000000001 132.2198 130.1246 131.2296 132.246 132.6704 129.788 130.8224 129.2338 131.4132 130.7112 131.31 130.3756 131.2714 128.62748 133.5638 126.547 126.84719999999999 115.46340000000001 114.0384 92.691 89.4086 81.37459999999999 70.775 70.61519999999999 55.2158 50.224680000000006 34.66839999999999 27.22980000000001 25.2714 23.29939999999999 127.0 127.0 131.04 129.779 131.04 127.0 130.7858 131.2504 129.779 131.04 127.0 130.7858 131.2504 129.779
44 131.0096 127.9362 130.2292 128.13402 130.8048 130.2554 130.6798 127.79744 128.83182 129.391 130.9886 128.72052 131.4674 128.38488 131.4288 128.42608 133.131 125.54842 127.00460000000001 115.6208 110.50578 92.2584 88.162 77.84202 68.7844 70.77260000000001 53.2252 51.80698000000001 33.85579999999999 27.387200000000007 25.428799999999995 23.456799999999987 127.0 127.0 131.1974 127.78828 131.1974 128.5823 127.0 130.8258 127.78828 131.1974 128.5823 127.0 130.8258 127.78828
45 129.2594 130.5882 129.7972 132.172 128.27678 128.5193 130.2478 131.8354 131.3278 130.083 127.42444 129.9644 130.0752 130.8808 129.1336 131.078 129.575 128.6444 125.25460000000001 112.37672 114.5436 88.70226 88.98400000000001 81.88 69.95439999999999 67.87639999999999 52.12119999999999 54.459 30.679759999999987 24.067200000000014 23.1336 22.8502 127.0 127.0 128.3222 131.8262 128.3222 131.2342 132.391 127.0 131.8262 128.3222 131.2342 132.391 127.0 131.8262
46 130.309 127.23574 130.8608 128.86954 130.6044 130.887 131.3114 128.53298 129.4634 128.69058 130.788 129.352 130.7668 129.0164 130.7284 127.7256 132.9386 125.29194000000001 126.30420000000001 114.9204 112.67939999999999 92.0658 87.93956 80.0156 69.416 70.072 53.85679999999999 51.10651999999999 34.04339999999999 26.686800000000005 24.728399999999993 22.756200000000007 127.0 127.0 130.4968 127.0 130.4968 127.88182 129.5306 130.6252 127.0 130.4968 127.88182 129.5306 130.6252 127.0
;
param G:
 1 2 3 4 5 6 7 8 9 10 11 12 13 14 15 16 17 18 19 20 21 22 23 24 25 26 27 28 29 30 31 32 33 34 35 36 37 38 39 40 41 42 43 44 45 46:=
1 3.0 3.0 3.0 3.0 3.0 3.0 3.0 3.0 3.0 3.0 3.0 3.0 3.0 3.0 3.0 3.0 2.0 2.0 2.0 2.0 2.0 2.0 2.0 2.0 2.0 2.0 2.0 2.0 2.0 2.0 2.0 2.0 3.0 3.0 3.0 3.0 3.0 3.0 3.0 3.0 3.0 3.0 3.0 3.0 3.0 3.0
2 3.0 3.0 3.0 3.0 3.0 3.0 3.0 3.0 3.0 3.0 3.0 3.0 3.0 3.0 3.0 3.0 2.0 2.0 2.0 2.0 2.0 2.0 2.0 2.0 2.0 2.0 2.0 2.0 2.0 2.0 2.0 2.0 3.0 3.0 3.0 3.0 3.0 3.0 3.0 3.0 3.0 3.0 3.0 3.0 3.0 3.0
;
