param n := 20.0;
param numVehicles := 2.0;
set Origin := 41 43 44;
set O := 43 44;
param Ok := 1 43 2 44;
set S := 50 51 52 53 54;
set F := 42 45 46 47 48 49;
param t:
 1 2 3 4 5 6 7 8 9 10 11 12 13 14 15 16 17 18 19 20 21 22 23 24 25 26 27 28 29 30 31 32 33 34 35 36 37 38 39 40 41 42 43 44 45 46 47 48 49 50 51 52 53 54:=
1 0.0 3.7356 1.65574 3.938 2.7296 1.086 3.4756 4.2878 3.7802 3.3702 3.4968 3.5888 2.9528 3.6104 1.086 1.81006 2.036 3.4638 1.086 6.0218 4.2154 4.4636 2.1632 3.0686 2.9716 1.086 3.3426 4.3324 4.4868 2.999 3.9112 3.098 2.9528 3.09 1.086 2.887 2.8324 2.2488 1.086 1.8581 0.0 0.0 1.70362 4.2786 1.70362 3.6866 4.8434 2.218 4.2786 1.70362 3.6866 4.8434 2.218 4.2786
2 4.151 0.0 3.7968 2.377 4.3266 4.5702 3.3968 0.93878 1.97314 2.7394 1.86186 1.78176 2.8758 1.8034 4.5702 4.445 5.699 4.6548 4.5702 4.2148 6.2724 1.11472 5.8262 3.2996 3.7746 4.5702 5.3996 2.5254 2.9258 1.03612 1.94832 3.021 2.8758 3.0132 4.5702 3.6248 6.4954 4.8838 4.5702 3.9992 0.0 0.0 4.3386 0.92962 4.3386 1.72364 3.0364 3.967 0.92962 4.3386 1.72364 3.0364 3.967 0.92962
3 0.59398 4.2718 0.0 4.134 2.6336 1.0132 3.2758 4.8238 4.3162 3.1704 3.763 4.1248 3.489 4.1464 1.0132 1.61016 2.572 3.3678 1.0132 6.5578 4.1194 4.9998 2.6992 2.8686 2.7716 1.0132 3.2468 4.8684 4.7528 3.5352 4.4474 3.6342 3.489 3.6262 1.0132 2.6872 3.3686 2.0488 1.0132 2.3942 0.0 0.0 1.50372 4.8146 1.50372 4.2228 5.3796 2.0182 4.8146 1.50372 4.2228 5.3796 2.0182 4.8146
4 1.96126 2.369 1.60712 0.0 2.309 2.3804 2.003 2.9212 2.4136 0.45768 1.05022 2.2222 1.99422 2.2438 2.3804 2.2554 3.9394 2.6372 2.3804 4.6552 3.9988 3.097 4.0606 1.01796 1.4929 2.3804 3.126 2.9658 2.0402 1.63248 2.5446 2.1394 1.99422 2.1314 2.3804 1.60712 4.7298 2.6942 2.3804 2.0254 0.0 0.0 2.149 2.912 2.149 2.32 3.4768 1.68544 2.912 2.149 2.32 3.4768 1.68544 2.912
5 2.3828 3.8886 2.0288 2.941 0.0 2.257 1.12468 4.4408 3.9332 1.97728 2.5698 3.7418 3.0838 3.7634 2.257 1.21704 2.447 0.90474 2.257 6.1748 2.0364 4.6166 2.2502 2.1076 1.5785 2.257 1.16364 4.4854 3.5598 3.152 4.0642 3.229 3.0838 3.221 2.257 0.89004 2.9194 2.0378 2.257 2.705 0.0 0.0 1.44558 4.4316 1.44558 3.8396 4.9964 2.007 4.4316 1.44558 3.8396 4.9964 2.007 4.4316
6 0.47444 4.1522 1.33518 3.7754 2.275 0.0 2.9172 4.7044 4.1966 2.8118 3.4042 4.0052 3.3562 4.027 0.0 1.2515 2.4524 3.0092 0.0 6.4384 3.7608 4.8802 2.2626 2.51 2.413 0.0 2.8882 4.7488 4.3942 3.4156 4.3278 3.5014 3.3562 3.4936 0.0 2.3286 2.932 1.6902 0.0 2.2616 0.0 0.0 1.14506 4.6952 1.14506 4.1032 5.26 1.6595 4.6952 1.14506 4.1032 5.26 1.6595 4.6952
7 2.6902 3.098 2.336 2.1502 2.5678 3.1094 0.0 3.65 3.1424 1.18658 1.7791 2.951 2.7232 2.9726 3.1094 2.9844 4.6682 2.896 3.1094 5.384 4.5136 3.826 4.7274 1.74686 0.7878 3.1094 3.641 3.6946 2.769 2.3614 3.2736 2.8684 2.7232 2.8604 3.1094 1.86602 5.3968 3.423 3.1094 2.7544 0.0 0.0 2.8778 3.6408 2.8778 3.0488 4.2058 2.4144 3.6408 2.8778 3.0488 4.2058 2.4144 3.6408
8 3.6306 2.2704 3.2766 1.77676 3.7264 4.0498 2.7964 0.0 1.3729 2.139 1.26162 1.18152 2.2756 1.20316 4.0498 3.9248 5.2268 4.0546 4.0498 3.6146 5.6722 0.175938 5.354 2.6994 3.1744 4.0498 4.7994 1.9251 2.3256 1.84388 2.756 2.4208 2.2756 2.4128 4.0498 3.0246 6.0232 4.3636 4.0498 3.4788 0.0 0.0 3.8184 1.87138 3.8184 2.5314 2.4362 3.3668 1.87138 3.8184 2.5314 2.4362 3.3668 1.87138
9 2.606 3.0138 2.2518 0.74006 2.6896 3.0252 1.75978 2.7478 0.0 1.10238 1.69492 1.76282 2.639 1.78446 3.0252 2.9002 4.584 3.0178 3.0252 4.4198 4.6354 2.9238 4.7052 1.66266 2.1376 3.0252 3.7628 2.7924 1.28882 2.2772 3.1894 2.7842 2.639 2.7762 3.0252 1.98782 5.3746 3.3388 3.0252 2.6702 0.0 0.0 2.7938 2.7386 2.7938 2.9646 3.2416 2.3302 2.7386 2.7938 2.9646 3.2416 2.3302 2.7386
10 3.0388 2.0506 2.6846 1.17282 3.1224 3.458 2.1926 2.6026 2.095 0.0 0.73168 1.90358 1.74568 1.92522 3.458 3.333 4.6968 3.4506 3.458 4.3366 5.0682 2.7786 4.824 2.0954 2.5704 3.458 4.1956 2.6472 1.72158 1.31394 2.2262 1.89088 1.74568 1.88294 3.458 2.4206 5.4934 3.7716 3.458 2.949 0.0 0.0 3.2264 2.5934 3.2264 2.0014 3.1582 2.763 2.5934 3.2264 2.0014 3.1582 2.763 2.5934
11 3.79 1.48776 3.4358 1.93604 3.8856 4.2092 2.9558 2.0398 1.53218 2.2984 0.0 1.3408 2.435 1.36244 4.2092 4.0842 5.386 4.2138 4.2092 3.7738 5.8314 2.2158 5.5132 2.8586 3.3336 4.2092 4.9588 2.0844 2.4848 0.75116 1.66336 2.58 2.435 2.5722 4.2092 3.1838 6.1826 4.5228 4.2092 3.6382 0.0 0.0 3.9776 2.0306 3.9776 1.43868 2.5954 3.5262 2.0306 3.9776 1.43868 2.5954 3.5262 2.0306
12 2.6888 1.6386 2.3346 2.0868 3.3904 3.108 3.1026 2.1906 1.68302 2.4492 0.31974 0.0 1.33374 0.021644 3.108 2.983 4.2848 3.7366 3.108 3.9248 4.8762 2.3666 4.412 2.1174 2.5924 3.108 4.0036 2.2352 2.6356 0.902 1.8142 1.47894 1.33374 1.471 3.108 2.7066 5.0814 3.4216 3.108 2.537 0.0 0.0 2.8766 2.1816 2.8766 1.58952 2.7464 2.563 2.1816 2.8766 1.58952 2.7464 2.563 2.1816
13 2.9618 1.9736 2.6076 1.09588 3.0454 3.381 2.1156 2.5256 2.018 1.4582 0.65474 1.82664 0.0 1.84828 3.381 3.256 4.6198 3.3736 3.381 4.2596 4.9912 2.7016 4.747 2.0184 2.4934 3.381 4.1186 2.5702 1.64464 1.23698 2.1492 1.81392 0.0 1.806 3.381 2.3436 5.4164 3.6946 3.381 2.872 0.0 0.0 3.1496 2.5164 3.1496 1.9245 3.0814 2.686 2.5164 3.1496 1.9245 3.0814 2.686 2.5164
14 2.6672 1.61696 2.313 2.0652 3.3688 3.0864 3.081 2.169 1.66138 2.4276 0.2981 1.47 1.3121 0.0 3.0864 2.9614 4.2632 3.715 3.0864 3.903 4.8546 2.345 4.3904 2.0958 2.5708 3.0864 3.982 2.2136 2.614 0.88036 1.79256 1.45728 1.3121 1.44936 3.0864 2.685 5.0598 3.4 3.0864 2.5154 0.0 0.0 2.8548 2.1598 2.8548 1.56786 2.7246 2.5414 2.1598 2.8548 1.56786 2.7246 2.5414 2.1598
15 0.47444 4.1522 1.33518 3.7754 2.275 0.0 2.9172 4.7044 4.1966 2.8118 3.4042 4.0052 3.3562 4.027 0.0 1.2515 2.4524 3.0092 0.0 6.4384 3.7608 4.8802 2.2626 2.51 2.413 0.0 2.8882 4.7488 4.3942 3.4156 4.3278 3.5014 3.3562 3.4936 0.0 2.3286 2.932 1.6902 0.0 2.2616 0.0 0.0 1.14506 4.6952 1.14506 4.1032 5.26 1.6595 4.6952 1.14506 4.1032 5.26 1.6595 4.6952
16 1.37738 4.3332 1.02324 3.4634 1.23504 1.2515 1.9172 4.8852 4.3776 2.4998 3.0924 4.1862 3.0444 4.2078 1.2515 0.0 2.2134 1.96926 1.2515 6.6194 2.7208 5.0612 2.0166 2.198 2.101 1.2515 1.84816 4.9298 4.0822 3.5966 4.5088 3.1896 3.0444 3.1816 1.2515 1.32856 2.686 1.37826 1.2515 1.94962 0.0 0.0 0.4401 4.8762 0.4401 4.2842 5.441 1.34756 4.8762 0.4401 4.2842 5.441 1.34756 4.8762
17 2.3792 5.587 2.8672 5.2614 2.519 2.0594 3.445 6.1392 5.6314 4.2976 4.8902 5.4402 4.8042 5.4618 2.0594 2.1914 0.0 2.7812 2.0594 7.8732 3.5328 6.315 1.44054 4.042 3.8988 2.0594 2.66 6.1836 5.8802 4.8504 5.7626 4.9494 4.8042 4.9414 2.0594 3.2104 1.34582 3.2222 2.0594 3.7094 0.0 0.0 2.42 6.13 2.42 5.538 6.6948 3.1914 6.13 2.42 5.538 6.6948 3.1914 6.13
18 4.1582 5.794 3.804 4.8462 1.99578 4.0322 3.03 6.346 5.8384 3.8826 4.475 5.647 4.989 5.6686 4.0322 2.9922 3.8674 0.0 4.0322 8.08 2.0596 6.522 4.0254 4.0128 3.4838 4.0322 2.5888 6.3906 5.465 5.0574 5.9696 5.1342 4.989 5.1264 4.0322 2.7954 3.0866 3.813 4.0322 4.4804 0.0 0.0 3.2208 6.3368 3.2208 5.7448 6.9016 3.7822 6.3368 3.2208 5.7448 6.9016 3.7822 6.3368
19 0.47444 4.1522 1.33518 3.7754 2.275 0.0 2.9172 4.7044 4.1966 2.8118 3.4042 4.0052 3.3562 4.027 0.0 1.2515 2.4524 3.0092 0.0 6.4384 3.7608 4.8802 2.2626 2.51 2.413 0.0 2.8882 4.7488 4.3942 3.4156 4.3278 3.5014 3.3562 3.4936 0.0 2.3286 2.932 1.6902 0.0 2.2616 0.0 0.0 1.14506 4.6952 1.14506 4.1032 5.26 1.6595 4.6952 1.14506 4.1032 5.26 1.6595 4.6952
20 4.9808 1.16654 4.6266 3.2068 5.1564 5.4 4.2266 1.76858 2.803 3.5692 2.6916 2.6116 3.7056 2.6332 5.4 5.2748 6.5288 5.4846 5.4 0.0 7.1022 1.94452 6.656 4.1294 4.6044 5.4 6.2294 1.82516 2.8916 1.86592 2.1302 3.8508 3.7056 3.843 5.4 4.4546 7.3252 5.7136 5.4 4.829 0.0 0.0 5.1684 1.75944 5.1684 1.90544 1.17426 4.7968 1.75944 5.1684 1.90544 1.17426 4.7968 1.75944
21 2.3614 4.7572 2.0072 3.8096 1.06708 2.2356 1.99324 5.3094 4.8016 2.8458 3.4384 4.6102 3.7784 4.632 2.2356 1.1956 2.4254 0.9133 2.2356 7.0434 0.0 5.4852 2.2288 2.8362 2.447 2.2356 0.7922 5.3538 4.4282 4.0206 4.9328 3.9236 3.7784 3.9156 2.2356 1.75862 2.692 2.0164 2.2356 2.6836 0.0 0.0 1.42414 5.3002 1.42414 4.7082 5.865 1.9856 5.3002 1.42414 4.7082 5.865 1.9856 5.3002
22 3.4548 2.0946 3.1006 1.60082 3.5504 3.874 2.6206 1.7046 1.19696 1.96316 1.08568 1.00558 2.0996 1.02722 3.874 3.749 5.0508 3.8786 3.874 3.4386 5.4962 0.0 5.178 2.5234 2.9984 3.874 4.6236 1.74918 2.1496 1.66794 2.5802 2.2448 2.0996 2.237 3.874 2.8486 5.8474 4.1876 3.874 3.303 0.0 0.0 3.6424 1.69544 3.6424 2.3554 2.2602 3.191 1.69544 3.6424 2.3554 2.2602 3.191 1.69544
23 1.49682 4.7046 1.98468 4.425 2.6564 1.17694 3.5666 5.2566 4.749 3.4612 4.0538 4.5576 3.9218 4.5794 1.17694 1.901 1.26486 3.3906 1.17694 6.9908 4.1424 5.4326 0.0 3.1596 3.0624 1.17694 3.2696 5.3012 5.0436 3.968 4.8802 4.067 3.9218 4.059 1.17694 2.978 2.4354 2.3396 1.17694 2.827 0.0 0.0 1.79456 5.2476 1.79456 4.6556 5.8124 2.309 5.2476 1.79456 4.6556 5.8124 2.309 5.2476
24 1.1848 3.9726 0.83066 3.025 1.73646 1.60404 2.1666 4.5246 4.017 2.0612 2.6538 3.8256 2.3438 3.8474 1.60404 1.47898 3.1628 2.4706 1.60404 6.2588 3.2224 4.7006 3.284 0.0 1.66244 1.60404 2.3496 4.5692 3.6436 3.236 4.1482 2.489 2.3438 2.481 1.60404 1.578 3.9534 1.91768 1.60404 1.24904 0.0 0.0 1.37254 4.5156 1.37254 3.9236 5.0804 0.90898 4.5156 1.37254 3.9236 5.0804 0.90898 4.5156
25 3.323 3.7308 2.9688 1.47908 1.89664 3.469 0.9668 3.7088 2.9152 1.8194 2.412 2.7238 3.356 2.7454 3.469 2.4292 4.253 2.2248 3.469 5.0008 3.8424 3.8848 4.0562 2.3796 0.0 3.469 2.9698 3.7534 2.2498 2.9942 3.9064 3.5012 3.356 3.4932 3.469 1.19484 4.7256 3.0818 3.469 3.3872 0.0 0.0 2.6576 3.6996 2.6576 3.6818 3.8226 3.0472 3.6996 2.6576 3.6818 3.8226 3.0472 3.6996
26 0.47444 4.1522 1.33518 3.7754 2.275 0.0 2.9172 4.7044 4.1966 2.8118 3.4042 4.0052 3.3562 4.027 0.0 1.2515 2.4524 3.0092 0.0 6.4384 3.7608 4.8802 2.2626 2.51 2.413 0.0 2.8882 4.7488 4.3942 3.4156 4.3278 3.5014 3.3562 3.4936 0.0 2.3286 2.932 1.6902 0.0 2.2616 0.0 0.0 1.14506 4.6952 1.14506 4.1032 5.26 1.6595 4.6952 1.14506 4.1032 5.26 1.6595 4.6952
27 3.2364 5.6322 2.8822 4.6844 1.94204 3.1106 2.8682 6.1842 5.6766 3.7208 4.3134 5.4852 4.6534 5.5068 3.1106 2.0706 2.9456 1.78826 3.1106 7.9184 1.13788 6.3602 3.1036 3.711 3.322 3.1106 0.0 6.2288 5.3032 4.8956 5.8078 4.7986 4.6534 4.7906 3.1106 2.6336 2.165 2.8912 3.1106 3.5586 0.0 0.0 2.2992 6.1752 2.2992 5.5832 6.74 2.8606 6.1752 2.2992 5.5832 6.74 2.8606 6.1752
28 4.3134 0.49914 3.9592 2.5394 4.489 4.7326 3.5592 1.1012 2.1356 2.9018 2.0242 1.94418 3.0382 1.96582 4.7326 4.6076 5.8614 4.8172 4.7326 2.2312 6.4348 1.27714 5.9886 3.462 3.937 4.7326 5.5622 0.0 3.0362 1.19854 1.46274 3.1834 3.0382 3.1756 4.7326 3.7872 6.658 5.0462 4.7326 4.1616 0.0 0.0 4.501 1.09204 4.501 1.23806 1.31888 4.1296 1.09204 4.501 1.23806 1.31888 4.1296 1.09204
29 4.3512 3.059 3.997 2.4972 4.4468 4.7704 3.517 2.669 2.0934 2.8596 1.98212 1.90202 2.9962 1.92366 4.7704 4.6454 5.9472 4.775 4.7704 3.241 6.3926 2.845 6.0744 3.4198 3.8948 4.7704 5.52 2.7136 0.0 2.5644 3.4766 3.1414 2.9962 3.1334 4.7704 3.745 6.7438 5.084 4.7704 4.1994 0.0 0.0 4.539 2.6598 4.539 3.2518 2.0628 4.0874 2.6598 4.539 3.2518 2.0628 4.0874 2.6598
30 3.7036 0.80936 3.3494 2.8496 4.7992 4.1228 3.8694 1.4114 2.4458 3.212 2.3344 2.2544 2.9066 2.276 4.1228 3.9978 5.2516 5.1274 4.1228 3.3214 6.333 1.58734 5.3788 3.6902 4.1652 4.1228 5.4604 2.998 3.3984 0.0 0.98496 3.0516 2.9066 3.0438 4.1228 4.0974 6.0482 4.4364 4.1228 3.5518 0.0 0.0 3.8912 1.40226 3.8912 0.76026 2.409 4.0198 1.40226 3.8912 0.76026 2.409 4.0198 1.40226
31 3.6276 1.96136 3.2734 4.0016 4.8532 4.0468 5.0214 2.5634 3.5978 4.364 3.4864 3.4064 3.7566 3.428 4.0468 3.9218 5.1756 5.5874 4.0468 4.4734 6.339 2.7394 5.3028 4.5402 4.7792 4.0468 5.4664 4.15 4.5504 2.6608 0.0 3.9016 3.7566 3.8938 4.0468 4.6948 5.9722 4.3604 4.0468 3.4758 0.0 0.0 3.8152 2.5542 3.8152 1.91226 3.561 4.0258 2.5542 3.8152 1.91226 3.561 4.0258 2.5542
32 1.67408 3.516 1.31994 2.5682 2.0218 2.0934 1.7159 4.068 3.5604 1.60452 2.197 3.369 1.70704 3.3906 2.0934 1.96826 3.6522 2.35 2.0934 5.802 3.7116 4.2438 3.7734 0.73078 1.20572 2.0934 2.8388 4.1126 3.187 2.7792 3.6916 0.0 1.70704 1.8443 2.0934 1.31996 4.4426 2.407 2.0934 1.73832 0.0 0.0 1.86182 4.0588 1.86182 3.4668 4.6236 1.39826 4.0588 1.86182 3.4668 4.6236 1.39826 4.0588
33 2.9618 1.9736 2.6076 1.09588 3.0454 3.381 2.1156 2.5256 2.018 1.4582 0.65474 1.82664 0.0 1.84828 3.381 3.256 4.6198 3.3736 3.381 4.2596 4.9912 2.7016 4.747 2.0184 2.4934 3.381 4.1186 2.5702 1.64464 1.23698 2.1492 1.81392 0.0 1.806 3.381 2.3436 5.4164 3.6946 3.381 2.872 0.0 0.0 3.1496 2.5164 3.1496 1.9245 3.0814 2.686 2.5164 3.1496 1.9245 3.0814 2.686 2.5164
34 1.68202 3.5238 1.32788 2.5762 2.0296 2.1012 1.72384 4.0758 3.5682 1.61244 2.205 3.3768 1.71498 3.3986 2.1012 1.9762 3.66 2.3578 2.1012 5.81 3.7196 4.2518 3.7814 0.73872 1.21366 2.1012 2.8468 4.1204 3.1948 2.7872 3.6994 0.0079352 1.71498 0.0 2.1012 1.32788 4.4506 2.4148 2.1012 1.74624 0.0 0.0 1.86976 4.0668 1.86976 3.4748 4.6316 1.4062 4.0668 1.86976 3.4748 4.6316 1.4062 4.0668
35 0.47444 4.1522 1.33518 3.7754 2.275 0.0 2.9172 4.7044 4.1966 2.8118 3.4042 4.0052 3.3562 4.027 0.0 1.2515 2.4524 3.0092 0.0 6.4384 3.7608 4.8802 2.2626 2.51 2.413 0.0 2.8882 4.7488 4.3942 3.4156 4.3278 3.5014 3.3562 3.4936 0.0 2.3286 2.932 1.6902 0.0 2.2616 0.0 0.0 1.14506 4.6952 1.14506 4.1032 5.26 1.6595 4.6952 1.14506 4.1032 5.26 1.6595 4.6952
36 2.4944 3.4468 2.1402 2.4992 0.89004 2.3686 0.68288 3.999 3.4914 1.5355 2.128 3.3 2.7274 3.3216 2.3686 1.32856 3.2204 1.31694 2.3686 5.733 2.8098 4.1748 3.0236 1.75108 1.13672 2.3686 1.93716 4.0436 3.118 2.7102 3.6224 2.8726 2.7274 2.8646 2.3686 0.0 3.693 1.98126 2.3686 2.6486 0.0 0.0 1.5571 3.9898 1.5571 3.3978 4.5546 1.95056 3.9898 1.5571 3.3978 4.5546 1.95056 3.9898
37 2.9618 6.1696 3.3996 5.6578 2.9154 2.6418 3.8416 6.7216 6.214 4.6942 5.2866 6.0226 5.3866 6.0442 2.6418 2.588 2.0338 3.0196 2.6418 8.4556 3.7712 6.8976 1.83702 4.5744 4.2954 2.6418 2.8986 6.7662 6.2766 5.433 6.3452 5.5318 5.3866 5.524 2.6418 3.607 0.0 3.7546 2.6418 4.292 0.0 0.0 2.8164 6.7124 2.8164 6.1204 7.2772 3.724 6.7124 2.8164 6.1204 7.2772 3.724 6.7124
38 0.8672 3.715 0.51306 3.0114 2.1848 1.28644 2.827 4.267 3.7594 2.7216 2.5702 3.568 2.0262 3.5898 1.28644 1.16138 2.8452 2.919 1.28644 6.0012 3.6708 4.443 2.9664 2.42 2.3228 1.28644 2.798 4.3116 3.56 2.9784 3.8906 2.1714 2.0262 2.1634 1.28644 2.2384 3.6358 0.0 1.28644 0.93144 0.0 0.0 1.05496 4.258 1.05496 3.666 4.8228 1.56938 4.258 1.05496 3.666 4.8228 1.56938 4.258
39 0.47444 4.1522 1.33518 3.7754 2.275 0.0 2.9172 4.7044 4.1966 2.8118 3.4042 4.0052 3.3562 4.027 0.0 1.2515 2.4524 3.0092 0.0 6.4384 3.7608 4.8802 2.2626 2.51 2.413 0.0 2.8882 4.7488 4.3942 3.4156 4.3278 3.5014 3.3562 3.4936 0.0 2.3286 2.932 1.6902 0.0 2.2616 0.0 0.0 1.14506 4.6952 1.14506 4.1032 5.26 1.6595 4.6952 1.14506 4.1032 5.26 1.6595 4.6952
40 1.58582 3.1496 1.23168 2.272 2.1374 2.005 2.5676 3.7016 3.194 2.4622 1.83078 3.0026 1.28678 3.0244 2.005 1.88 3.5638 2.8716 2.005 5.4358 3.6234 3.8776 3.6852 2.0706 2.0634 2.005 2.7506 3.7462 2.8206 2.413 3.3252 1.43198 1.28678 1.42404 2.005 1.979 4.3544 2.3186 2.005 0.0 0.0 0.0 1.77356 3.6926 1.77356 3.1006 4.2574 1.31 3.6926 1.77356 3.1006 4.2574 1.31 3.6926
41 0.0 0.0 0.0 0.0 0.0 0.0 0.0 0.0 0.0 0.0 0.0 0.0 0.0 0.0 0.0 0.0 0.0 0.0 0.0 0.0 0.0 0.0 0.0 0.0 0.0 0.0 0.0 0.0 0.0 0.0 0.0 0.0 0.0 0.0 0.0 0.0 0.0 0.0 0.0 0.0 0.0 0.0 0.0 0.0 0.0 0.0 0.0 0.0 0.0 0.0 0.0 0.0 0.0 0.0
42 0.0 0.0 0.0 0.0 0.0 0.0 0.0 0.0 0.0 0.0 0.0 0.0 0.0 0.0 0.0 0.0 0.0 0.0 0.0 0.0 0.0 0.0 0.0 0.0 0.0 0.0 0.0 0.0 0.0 0.0 0.0 0.0 0.0 0.0 0.0 0.0 0.0 0.0 0.0 0.0 0.0 0.0 0.0 0.0 0.0 0.0 0.0 0.0 0.0 0.0 0.0 0.0 0.0 0.0
43 1.27094 4.2268 0.91682 3.357 1.46358 1.14506 2.1458 4.7788 4.2712 2.3934 2.986 4.0798 2.938 4.1014 1.14506 0.4401 2.442 2.1978 1.14506 6.5128 2.9494 4.9548 2.2452 2.0916 1.99458 1.14506 2.0766 4.8234 3.9758 3.4902 4.4024 3.083 2.938 3.0752 1.14506 1.5571 2.9144 1.27182 1.14506 1.84318 0.0 0.0 0.0 4.7696 0.0 4.1776 5.3346 1.24112 4.7696 0.0 4.1776 5.3346 1.24112 4.7696
44 3.309 0.93092 2.955 2.8672 4.4528 3.7284 3.887 1.53298 2.4634 3.2296 2.352 2.272 2.512 2.2936 3.7284 3.6032 4.8572 4.915 3.7284 3.443 5.9386 1.7089 4.9844 3.2958 3.7708 3.7284 5.0658 3.0156 3.416 0.194312 1.10652 2.6572 2.512 2.6494 3.7284 3.885 5.6536 4.042 3.7284 3.1574 0.0 0.0 3.4968 0.0 3.4968 0.88182 2.5306 3.6252 0.0 3.4968 0.88182 2.5306 3.6252 0.0
45 1.27094 4.2268 0.91682 3.357 1.46358 1.14506 2.1458 4.7788 4.2712 2.3934 2.986 4.0798 2.938 4.1014 1.14506 0.4401 2.442 2.1978 1.14506 6.5128 2.9494 4.9548 2.2452 2.0916 1.99458 1.14506 2.0766 4.8234 3.9758 3.4902 4.4024 3.083 2.938 3.0752 1.14506 1.5571 2.9144 1.27182 1.14506 1.84318 0.0 0.0 0.0 4.7696 0.0 4.1776 5.3346 1.24112 4.7696 0.0 4.1776 5.3346 1.24112 4.7696
46 3.8522 2.186 3.498 4.2264 5.0778 4.2714 5.246 2.788 3.8224 4.5886 3.7112 3.631 3.9812 3.6528 4.2714 4.1464 5.4002 5.8122 4.2714 4.6982 6.5638 2.964 5.5276 4.765 5.0038 4.2714 5.691 4.3746 4.775 2.8854 0.22468 4.1264 3.9812 4.1184 4.2714 4.9194 6.1968 4.5852 4.2714 3.7004 0.0 0.0 4.04 2.779 4.04 0.0 3.7858 4.2504 2.779 4.04 0.0 3.7858 4.2504 2.779
47 4.0096 1.1874 3.6554 2.2356 4.1852 4.4288 3.2554 0.79744 1.83182 2.598 1.72052 1.64042 2.7346 1.66208 4.4288 4.3038 5.5576 4.5134 4.4288 2.9194 6.131 0.97338 5.6848 3.1582 3.6332 4.4288 5.2584 0.84202 2.7844 0.89478 1.80698 2.8798 2.7346 2.8718 4.4288 3.4834 6.3542 4.7424 4.4288 3.8578 0.0 0.0 4.1974 0.78828 4.1974 1.5823 0.0 3.8258 0.78828 4.1974 1.5823 0.0 3.8258 0.78828
48 2.2594 4.2834 1.90536 3.3356 1.08914 2.1336 1.5193 4.8354 4.3278 2.372 2.9644 4.1364 3.1244 4.158 2.1336 1.09366 2.9856 1.82336 2.1336 6.5694 2.575 5.0112 2.7888 2.1482 1.97312 2.1336 1.70226 4.88 3.9544 3.5468 4.459 3.2696 3.1244 3.2618 2.1336 0.93068 3.458 1.74636 2.1336 2.4138 0.0 0.0 1.3222 4.8262 1.3222 4.2342 5.391 0.0 4.8262 1.3222 4.2342 5.391 0.0 4.8262
49 3.309 0.93092 2.955 2.8672 4.4528 3.7284 3.887 1.53298 2.4634 3.2296 2.352 2.272 2.512 2.2936 3.7284 3.6032 4.8572 4.915 3.7284 3.443 5.9386 1.7089 4.9844 3.2958 3.7708 3.7284 5.0658 3.0156 3.416 0.194312 1.10652 2.6572 2.512 2.6494 3.7284 3.885 5.6536 4.042 3.7284 3.1574 0.0 0.0 3.4968 0.0 3.4968 0.88182 2.5306 3.6252 0.0 3.4968 0.88182 2.5306 3.6252 0.0
50 1.27094 4.2268 0.91682 3.357 1.46358 1.14506 2.1458 4.7788 4.2712 2.3934 2.986 4.0798 2.938 4.1014 1.14506 0.4401 2.442 2.1978 1.14506 6.5128 2.9494 4.9548 2.2452 2.0916 1.99458 1.14506 2.0766 4.8234 3.9758 3.4902 4.4024 3.083 2.938 3.0752 1.14506 1.5571 2.9144 1.27182 1.14506 1.84318 0.0 0.0 0.0 4.7696 0.0 4.1776 5.3346 1.24112 4.7696 0.0 4.1776 5.3346 1.24112 4.7696
51 3.8522 2.186 3.498 4.2264 5.0778 4.2714 5.246 2.788 3.8224 4.5886 3.7112 3.631 3.9812 3.6528 4.2714 4.1464 5.4002 5.8122 4.2714 4.6982 6.5638 2.964 5.5276 4.765 5.0038 4.2714 5.691 4.3746 4.775 2.8854 0.22468 4.1264 3.9812 4.1184 4.2714 4.9194 6.1968 4.5852 4.2714 3.7004 0.0 0.0 4.04 2.779 4.04 0.0 3.7858 4.2504 2.779 4.04 0.0 3.7858 4.2504 2.779
52 4.0096 1.1874 3.6554 2.2356 4.1852 4.4288 3.2554 0.79744 1.83182 2.598 1.72052 1.64042 2.7346 1.66208 4.4288 4.3038 5.5576 4.5134 4.4288 2.9194 6.131 0.97338 5.6848 3.1582 3.6332 4.4288 5.2584 0.84202 2.7844 0.89478 1.80698 2.8798 2.7346 2.8718 4.4288 3.4834 6.3542 4.7424 4.4288 3.8578 0.0 0.0 4.1974 0.78828 4.1974 1.5823 0.0 3.8258 0.78828 4.1974 1.5823 0.0 3.8258 0.78828
53 2.2594 4.2834 1.90536 3.3356 1.08914 2.1336 1.5193 4.8354 4.3278 2.372 2.9644 4.1364 3.1244 4.158 2.1336 1.09366 2.9856 1.82336 2.1336 6.5694 2.575 5.0112 2.7888 2.1482 1.97312 2.1336 1.70226 4.88 3.9544 3.5468 4.459 3.2696 3.1244 3.2618 2.1336 0.93068 3.458 1.74636 2.1336 2.4138 0.0 0.0 1.3222 4.8262 1.3222 4.2342 5.391 0.0 4.8262 1.3222 4.2342 5.391 0.0 4.8262
54 3.309 0.93092 2.955 2.8672 4.4528 3.7284 3.887 1.53298 2.4634 3.2296 2.352 2.272 2.512 2.2936 3.7284 3.6032 4.8572 4.915 3.7284 3.443 5.9386 1.7089 4.9844 3.2958 3.7708 3.7284 5.0658 3.0156 3.416 0.194312 1.10652 2.6572 2.512 2.6494 3.7284 3.885 5.6536 4.042 3.7284 3.1574 0.0 0.0 3.4968 0.0 3.4968 0.88182 2.5306 3.6252 0.0 3.4968 0.88182 2.5306 3.6252 0.0
;
param arr := 1 0.0 2 0.0 3 0.0 4 0.0 5 0.0 6 0.0 7 0.0 8 0.0 9 0.0 10 0.0 11 0.0 12 0.0 13 0.0 14 0.0 15 0.0 16 0.0 17 0.0 18 0.0 19 0.0 20 0.0 21 0.0 22 13.0 23 14.0 24 23.0 25 27.0 26 33.0 27 48.0 28 50.0 29 61.0 30 75.0 31 77.0 32 82.0 33 96.0 34 102.0 35 106.0 36 111.0 37 131.0 38 133.0 39 136.0 40 147.0 41 0.0 42 0.0 43 0.0 44 0.0 45 0.0 46 0.0 47 0.0 48 0.0 49 0.0 50 0.0 51 0.0 52 0.0 53 0.0 54 0.0;
param dep := 1 166.0 2 166.0 3 166.0 4 166.0 5 166.0 6 166.0 7 166.0 8 166.0 9 166.0 10 166.0 11 166.0 12 166.0 13 166.0 14 166.0 15 166.0 16 166.0 17 166.0 18 166.0 19 166.0 20 166.0 21 15.0 22 28.0 23 29.0 24 38.0 25 42.0 26 48.0 27 55.0 28 65.0 29 76.0 30 90.0 31 92.0 32 97.0 33 111.0 34 117.0 35 121.0 36 126.0 37 146.0 38 148.0 39 151.0 40 162.0 41 166.0 42 166.0 43 166.0 44 166.0 45 166.0 46 166.0 47 166.0 48 166.0 49 166.0 50 166.0 51 166.0 52 166.0 53 166.0 54 166.0;
param d := 1 0.5 2 0.5 3 0.5 4 0.5 5 0.5 6 0.5 7 0.5 8 0.5 9 0.5 10 0.5 11 0.5 12 0.5 13 0.5 14 0.5 15 0.5 16 0.5 17 0.5 18 0.5 19 0.5 20 0.5 21 0.5 22 0.5 23 0.5 24 0.5 25 0.5 26 0.5 27 0.5 28 0.5 29 0.5 30 0.5 31 0.5 32 0.5 33 0.5 34 0.5 35 0.5 36 0.5 37 0.5 38 0.5 39 0.5 40 0.5 41 0.0 42 0.0 43 0.0 44 0.0 45 0.0 46 0.0 47 0.0 48 0.0 49 0.0 50 0.0 51 0.0 52 0.0 53 0.0 54 0.0;
param l := 1 1.0 2 1.0 3 1.0 4 1.0 5 1.0 6 1.0 7 1.0 8 1.0 9 1.0 10 1.0 11 1.0 12 1.0 13 1.0 14 1.0 15 1.0 16 1.0 17 1.0 18 1.0 19 1.0 20 1.0 21 -1.0 22 -1.0 23 -1.0 24 -1.0 25 -1.0 26 -1.0 27 -1.0 28 -1.0 29 -1.0 30 -1.0 31 -1.0 32 -1.0 33 -1.0 34 -1.0 35 -1.0 36 -1.0 37 -1.0 38 -1.0 39 -1.0 40 -1.0 41 0.0 42 0.0 43 0.0 44 0.0 45 0.0 46 0.0 47 0.0 48 0.0 49 0.0 50 0.0 51 0.0 52 0.0 53 0.0 54 0.0;
param u := 1 8 2 8 3 8 4 8 5 8 6 8 7 8 8 8 9 8 10 8 11 8 12 8 13 8 14 8 15 8 16 8 17 8 18 8 19 8 20 8;
param c := 1 3 2 3;
param Q := 3.5;
param Binit := 1 3.5 2 3.5;
param r := 0.0;
param beta:
 1 2 3 4 5 6 7 8 9 10 11 12 13 14 15 16 17 18 19 20 21 22 23 24 25 26 27 28 29 30 31 32 33 34 35 36 37 38 39 40 41 42 43 44 45 46 47 48 49 50 51 52 53 54:=
1 0.0 0.34722401999999997 0.153901033 0.3660371 0.25371632 0.1009437 0.32305702 0.39855100999999993 0.35136958999999995 0.31326009 0.32502755999999994 0.33357896 0.27446276 0.33558667999999997 0.1009437 0.168245077 0.18924619999999998 0.32196020999999997 0.1009437 0.55972631 0.39182142999999997 0.4148916199999999 0.20106943999999996 0.28522636999999995 0.27621021999999995 0.1009437 0.31069466999999995 0.4026965799999999 0.41704805999999994 0.27875705 0.36354603999999996 0.28795909999999997 0.27446276 0.28721549999999996 0.1009437 0.26834664999999996 0.26327157999999995 0.20902595999999998 0.1009437 0.172710395 0.0 0.0 0.158351479 0.39769586999999995 0.158351479 0.34266947 0.45019402999999997 0.2061631 0.39769586999999995 0.158351479 0.34266947 0.45019402999999997 0.2061631 0.39769586999999995
2 0.38583544999999997 0.0 0.35291256 0.22094214999999995 0.40215746999999996 0.42480008999999996 0.31573255999999994 0.08725960099999999 0.18340336299999999 0.25462723 0.173059887 0.16561459199999998 0.26730560999999997 0.16762602999999998 0.42480008999999996 0.41316274999999997 0.5297220499999999 0.43266365999999995 0.42480008999999996 0.39176566 0.58301958 0.10361322399999999 0.54154529 0.30669781999999995 0.35084907 0.42480008999999996 0.50189282 0.23473592999999995 0.27195311 0.09630735399999998 0.181096344 0.28080194999999997 0.26730560999999997 0.28007693999999994 0.42480008999999996 0.33692515999999995 0.60374743 0.45394920999999994 0.42480008999999996 0.37172563999999997 0.0 0.0 0.4032728699999999 0.08640817899999999 0.4032728699999999 0.16021233799999998 0.28223338 0.36873265 0.08640817899999999 0.4032728699999999 0.16021233799999998 0.28223338 0.36873265 0.08640817899999999
3 0.05521044099999999 0.39706380999999996 0.0 0.3842553 0.24479311999999998 0.09417694 0.30448560999999996 0.44837221 0.40119078999999996 0.29468868 0.34977084999999997 0.38340015999999993 0.32430254999999997 0.3854078799999999 0.09417694 0.149664372 0.23906739999999999 0.31303700999999995 0.09417694 0.60954751 0.38289822999999995 0.4647314099999999 0.25089063999999994 0.26663636999999996 0.25762021999999996 0.09417694 0.30179005999999997 0.45251778 0.44177275999999993 0.32859684 0.41338582999999995 0.33779888999999996 0.32430254999999997 0.33705528999999995 0.09417694 0.24977523999999995 0.31311136999999994 0.19043596 0.09417694 0.22254089 0.0 0.0 0.139770774 0.44751707 0.139770774 0.39250925999999997 0.50003382 0.18759169 0.44751707 0.139770774 0.39250925999999997 0.50003382 0.18759169 0.44751707
4 0.18229911699999998 0.22019855 0.149381804 0.0 0.21462155 0.22125817999999997 0.18617884999999998 0.27152553999999995 0.22434412 0.042541355999999995 0.09761794899999998 0.20655348999999998 0.185362749 0.20856120999999997 0.22125817999999997 0.20963942999999996 0.36616722999999995 0.24512773999999998 0.22125817999999997 0.4327008399999999 0.37168846 0.28786615 0.37743277 0.09461938199999999 0.13876505499999997 0.22125817999999997 0.2905617 0.27567111 0.18963659 0.15173901599999998 0.23652056999999999 0.19885723 0.185362749 0.19811362999999999 0.22125817999999997 0.149381804 0.43963490999999993 0.25042589 0.22125817999999997 0.18826092999999997 0.0 0.0 0.19974954999999997 0.2706704 0.19974954999999997 0.21564399999999997 0.32316855999999994 0.156661648 0.2706704 0.19974954999999997 0.21564399999999997 0.32316855999999994 0.156661648 0.2706704
5 0.22148125999999999 0.36144536999999993 0.18857696 0.27336594999999997 0.0 0.20978814999999998 0.10453900599999998 0.41277236 0.3655909399999999 0.18378817599999997 0.23886290999999996 0.34780030999999995 0.28663921 0.34980802999999994 0.20978814999999998 0.11312386799999997 0.22744864999999997 0.08409558299999999 0.20978814999999998 0.57394766 0.18928337999999997 0.42911297 0.20915609 0.19590142 0.146721575 0.20978814999999998 0.108160338 0.41691793 0.33088341 0.29297839999999997 0.3777673899999999 0.30013555 0.28663921 0.29939194999999996 0.20978814999999998 0.082729218 0.27135823 0.18941350999999998 0.20978814999999998 0.25142975 0.0 0.0 0.134366661 0.41191722 0.134366661 0.35689081999999994 0.46441538 0.18655064999999998 0.41191722 0.134366661 0.35689081999999994 0.46441538 0.18655064999999998 0.41191722
6 0.04409919799999999 0.38594698999999993 0.12410498099999999 0.35092343 0.21146124999999996 0.0 0.27115374 0.43727397999999995 0.39007397 0.26135680999999994 0.31642038999999994 0.37228334 0.31195878999999993 0.37430965 0.0 0.116326925 0.22795057999999996 0.27970513999999996 0.0 0.5984492799999999 0.34956635999999996 0.45361459 0.21030866999999998 0.23330449999999997 0.22428834999999997 0.0 0.26845819 0.44140095999999995 0.40844088999999995 0.31748002 0.4022690099999999 0.32545513 0.31195878999999993 0.32473011999999996 0.0 0.21644336999999997 0.2725294 0.15710408999999997 0.0 0.21021572 0.0 0.0 0.10643332699999998 0.4364188399999999 0.10643332699999998 0.38139244 0.48891699999999993 0.15425052499999997 0.4364188399999999 0.10643332699999998 0.38139244 0.48891699999999993 0.15425052499999997 0.4364188399999999
7 0.25005408999999995 0.28795909999999997 0.21713119999999997 0.19986108999999996 0.23867701 0.28901872999999995 0.0 0.33926749999999994 0.29208607999999997 0.11029261099999998 0.16536734499999997 0.27429545 0.25312144 0.27630317 0.28901872999999995 0.27739998 0.43390918999999994 0.26918319999999996 0.28901872999999995 0.5004428 0.41953912 0.35562669999999996 0.43941183 0.16237063699999998 0.07322601 0.28901872999999995 0.33843094999999995 0.34341306999999993 0.25737855 0.21949213 0.30428111999999996 0.26661777999999997 0.25312144 0.26587417999999996 0.28901872999999995 0.17344655899999997 0.5016325599999999 0.31816785 0.28901872999999995 0.25602147999999997 0.0 0.0 0.26749151 0.33841235999999997 0.26749151 0.28338596 0.39092910999999997 0.22441847999999998 0.33841235999999997 0.26749151 0.28338596 0.39092910999999997 0.22441847999999998 0.33841235999999997
8 0.33746426999999996 0.21103367999999997 0.30455997 0.16514984199999996 0.34636887999999993 0.37642891 0.25992538 0.0 0.127611055 0.19882004999999997 0.11726757899999998 0.10982228399999998 0.21151701999999997 0.111833722 0.37642891 0.36481015999999994 0.4858310599999999 0.3768750699999999 0.37642891 0.33597706999999993 0.52723099 0.0163534371 0.49765429999999994 0.25090923 0.29506047999999996 0.37642891 0.44610423 0.178938045 0.21616452 0.17138864599999998 0.25617019999999996 0.22501335999999997 0.21151701999999997 0.22426975999999996 0.37642891 0.28113657 0.55985644 0.40559661999999996 0.37642891 0.32335445999999995 0.0 0.0 0.35492028 0.173944771 0.35492028 0.23529362999999998 0.22644478999999998 0.31294405999999997 0.173944771 0.35492028 0.23529362999999998 0.22644478999999998 0.31294405999999997 0.173944771
9 0.24222769999999996 0.28013270999999995 0.20930480999999995 0.068788577 0.24999831999999997 0.28119234 0.16357155099999998 0.25540800999999996 0.0 0.10246622099999998 0.15754281399999998 0.163854119 0.24529504999999996 0.16586555699999997 0.28119234 0.26957359 0.42608279999999993 0.28050450999999993 0.28119234 0.41082040999999997 0.43086042999999996 0.27176721 0.43734833999999995 0.154544247 0.19868991999999996 0.28119234 0.34975226 0.25955358 0.119795819 0.21166574 0.29645473 0.25879138999999995 0.24529504999999996 0.25804778999999994 0.28119234 0.18476786899999997 0.49956906999999995 0.31034145999999996 0.28119234 0.24819508999999998 0.0 0.0 0.25968370999999996 0.25455287 0.25968370999999996 0.27555957 0.30130672 0.21659209 0.25455287 0.25968370999999996 0.27555957 0.30130672 0.21659209 0.25455287
10 0.28245645999999996 0.19060327 0.24953356999999998 0.10901361899999999 0.29022707999999997 0.32142109999999996 0.20380216999999998 0.24191166999999997 0.19473025 0.0 0.06800965599999999 0.176937761 0.16226095599999998 0.17894919899999998 0.32142109999999996 0.30980235 0.4365675599999999 0.32073326999999996 0.32142109999999996 0.40308696999999993 0.47108918999999994 0.25827087 0.4483907999999999 0.19476743 0.23891867999999997 0.32142109999999996 0.38998101999999996 0.24605723999999998 0.160020861 0.122130723 0.20692528999999998 0.17575729599999998 0.16226095599999998 0.17501927299999998 0.32142109999999996 0.22499476999999996 0.5106115299999999 0.35057021999999993 0.32142109999999996 0.27410955 0.0 0.0 0.29989387999999995 0.24105652999999996 0.29989387999999995 0.18603012999999996 0.29355468999999995 0.25682085 0.24105652999999996 0.29989387999999995 0.18603012999999996 0.29355468999999995 0.25682085 0.24105652999999996
11 0.3522805 0.13828729199999998 0.31935760999999996 0.179954918 0.36116652 0.39124514 0.27474160999999997 0.18959941 0.142416131 0.21363627999999998 0.0 0.12462735999999999 0.22633324999999999 0.126638798 0.39124514 0.37962639 0.5006286999999999 0.39167271 0.39124514 0.35077471 0.54202863 0.20595861 0.5124519399999999 0.26570687 0.30985811999999996 0.39124514 0.46092046 0.19374497999999998 0.23096215999999997 0.069820322 0.15460931199999997 0.239811 0.22633324999999999 0.23908598999999997 0.39124514 0.29593421 0.5746726699999999 0.42039425999999996 0.39124514 0.33817068999999994 0.0 0.0 0.3697179199999999 0.18874427 0.3697179199999999 0.133725306 0.24124242999999998 0.32776028999999995 0.18874427 0.3697179199999999 0.133725306 0.24124242999999998 0.32776028999999995 0.18874427
12 0.24992395999999997 0.15230786999999998 0.21700107 0.19396806 0.31513768 0.2888886 0.28838666999999996 0.20361626999999996 0.15643670899999998 0.22765313999999995 0.029719833 0.0 0.12397113299999998 0.0020118097999999997 0.2888886 0.27726985 0.39827215999999993 0.34731697 0.2888886 0.36481015999999994 0.45324278999999995 0.21997546999999998 0.41009539999999994 0.19681232999999998 0.24096357999999998 0.2888886 0.3721346199999999 0.20776183999999998 0.24497902 0.0838409 0.16862988999999998 0.13746747299999998 0.12397113299999998 0.13672945 0.2888886 0.25157846999999994 0.47231613 0.31803771999999997 0.2888886 0.23581414999999997 0.0 0.0 0.26737996999999997 0.20277971999999997 0.26737996999999997 0.147745884 0.25527787999999996 0.23823085 0.20277971999999997 0.26737996999999997 0.147745884 0.25527787999999996 0.23823085 0.20277971999999997
13 0.27529931 0.18344612 0.24237641999999998 0.10186204599999998 0.28306992999999997 0.31426394999999996 0.19664502 0.23475451999999997 0.18757309999999996 0.13553969 0.06085808299999999 0.16978618799999998 0.0 0.17179762599999998 0.31426394999999996 0.30264519999999995 0.4294104099999999 0.31357611999999996 0.31426394999999996 0.39592981999999993 0.46393204 0.25111372 0.4412336499999999 0.18761028 0.23176152999999997 0.31426394999999996 0.38282386999999996 0.23890008999999995 0.152869288 0.11497729099999998 0.19976813999999998 0.168603864 0.0 0.16786769999999998 0.31426394999999996 0.21783761999999998 0.50345438 0.34341306999999993 0.31426394999999996 0.2669524 0.0 0.0 0.29275532 0.23389937999999996 0.29275532 0.17888227499999998 0.28641613 0.24966369999999996 0.23389937999999996 0.29275532 0.17888227499999998 0.28641613 0.24966369999999996 0.23389937999999996
14 0.24791623999999995 0.15029643199999998 0.21499335 0.19196033999999998 0.31312995999999993 0.28688087999999995 0.28637894999999997 0.20160855 0.154425271 0.22564541999999999 0.027708394999999997 0.1366365 0.12195969499999999 0.0 0.28688087999999995 0.27526212999999994 0.39626444 0.34530924999999996 0.28688087999999995 0.36278384999999996 0.4512350699999999 0.21796775 0.40808767999999995 0.19480461 0.23895586 0.28688087999999995 0.3701269 0.20575411999999998 0.24297129999999997 0.08182946199999999 0.16661845199999997 0.13545417599999998 0.12195969499999999 0.134718012 0.28688087999999995 0.24957074999999998 0.47030840999999995 0.31603 0.28688087999999995 0.23380642999999998 0.0 0.0 0.26535366 0.20075341 0.26535366 0.145732587 0.25325157 0.23622312999999998 0.20075341 0.26535366 0.145732587 0.25325157 0.23622312999999998 0.20075341
15 0.04409919799999999 0.38594698999999993 0.12410498099999999 0.35092343 0.21146124999999996 0.0 0.27115374 0.43727397999999995 0.39007397 0.26135680999999994 0.31642038999999994 0.37228334 0.31195878999999993 0.37430965 0.0 0.116326925 0.22795057999999996 0.27970513999999996 0.0 0.5984492799999999 0.34956635999999996 0.45361459 0.21030866999999998 0.23330449999999997 0.22428834999999997 0.0 0.26845819 0.44140095999999995 0.40844088999999995 0.31748002 0.4022690099999999 0.32545513 0.31195878999999993 0.32473011999999996 0.0 0.21644336999999997 0.2725294 0.15710408999999997 0.0 0.21021572 0.0 0.0 0.10643332699999998 0.4364188399999999 0.10643332699999998 0.38139244 0.48891699999999993 0.15425052499999997 0.4364188399999999 0.10643332699999998 0.38139244 0.48891699999999993 0.15425052499999997 0.4364188399999999
16 0.128027471 0.4027709399999999 0.09511015799999999 0.32192303 0.11479696799999999 0.116326925 0.17820373999999997 0.45407934 0.40689791999999997 0.23235640999999999 0.28743858 0.38910729 0.28297698 0.39111500999999993 0.116326925 0.0 0.20573552999999997 0.183042717 0.116326925 0.6152732299999999 0.25289836 0.47043853999999996 0.18744297 0.2043041 0.19528795 0.116326925 0.171786472 0.45822491 0.37944048999999996 0.33430396999999995 0.41909295999999996 0.29647332 0.28297698 0.29572972 0.116326925 0.12348965199999999 0.24966369999999996 0.128109267 0.116326925 0.18121717899999998 0.0 0.0 0.040907294999999996 0.45324278999999995 0.040907294999999996 0.39821639 0.50574095 0.125255702 0.45324278999999995 0.040907294999999996 0.39821639 0.50574095 0.125255702 0.45324278999999995
17 0.22114663999999998 0.5193116499999999 0.26650623999999995 0.48904712999999994 0.23414105 0.19142123 0.32021274999999993 0.57063864 0.52343863 0.39946191999999997 0.45454408999999996 0.5056665899999999 0.44655038999999996 0.50767431 0.19142123 0.20369062999999996 0.0 0.25851254 0.19142123 0.7318139399999999 0.32837375999999996 0.58697925 0.13389819299999997 0.3757038999999999 0.36239345999999995 0.19142123 0.247247 0.57476562 0.54656459 0.45084467999999994 0.53563367 0.46004672999999996 0.44655038999999996 0.45930312999999995 0.19142123 0.29840668 0.125093969 0.29950349 0.19142123 0.34478873 0.0 0.0 0.22493899999999997 0.5697834999999999 0.22493899999999997 0.5147571 0.62228166 0.29664062999999996 0.5697834999999999 0.22493899999999997 0.5147571 0.62228166 0.29664062999999996 0.5697834999999999
18 0.38650468999999993 0.5385522999999999 0.35358179999999995 0.4504542899999999 0.185507751 0.37479298999999994 0.28163849999999996 0.5898606999999999 0.54267928 0.36088767 0.41595124999999994 0.52488865 0.46372754999999993 0.5268963699999999 0.37479298999999994 0.27812498999999996 0.35947482999999997 0.0 0.37479298999999994 0.7510359999999999 0.19143981999999998 0.6062198999999999 0.37416093 0.37298976 0.32381920999999997 0.37479298999999994 0.24062895999999998 0.59400627 0.5079717499999999 0.47008532999999997 0.5548743199999999 0.47722388999999993 0.46372754999999993 0.47649887999999996 0.37479298999999994 0.25983242999999995 0.28689946999999993 0.35441835 0.37479298999999994 0.41645318 0.0 0.0 0.29937336 0.5890055599999999 0.29937336 0.5339791599999999 0.64150372 0.35155548999999997 0.5890055599999999 0.29937336 0.5339791599999999 0.64150372 0.35155548999999997 0.5890055599999999
19 0.04409919799999999 0.38594698999999993 0.12410498099999999 0.35092343 0.21146124999999996 0.0 0.27115374 0.43727397999999995 0.39007397 0.26135680999999994 0.31642038999999994 0.37228334 0.31195878999999993 0.37430965 0.0 0.116326925 0.22795057999999996 0.27970513999999996 0.0 0.5984492799999999 0.34956635999999996 0.45361459 0.21030866999999998 0.23330449999999997 0.22428834999999997 0.0 0.26845819 0.44140095999999995 0.40844088999999995 0.31748002 0.4022690099999999 0.32545513 0.31195878999999993 0.32473011999999996 0.0 0.21644336999999997 0.2725294 0.15710408999999997 0.0 0.21021572 0.0 0.0 0.10643332699999998 0.4364188399999999 0.10643332699999998 0.38139244 0.48891699999999993 0.15425052499999997 0.4364188399999999 0.10643332699999998 0.38139244 0.48891699999999993 0.15425052499999997 0.4364188399999999
20 0.46296536 0.10842989299999999 0.43004246999999995 0.29807205999999997 0.47928737999999993 0.50193 0.39286247 0.164389511 0.26053885 0.33175713999999995 0.25018422 0.24274822 0.34443551999999994 0.24475593999999998 0.50193 0.49029265999999994 0.60685196 0.50979357 0.50193 0.0 0.6601494899999999 0.18074313399999997 0.6186751999999999 0.38382773 0.42797897999999995 0.50193 0.5790227299999999 0.16964862199999997 0.26877421999999995 0.17343726399999998 0.19800208999999996 0.35793186 0.34443551999999994 0.35720684999999996 0.50193 0.41405506999999997 0.6808773399999999 0.5310791199999999 0.50193 0.44885554999999994 0.0 0.0 0.48040278 0.16353994799999996 0.48040278 0.17711064799999998 0.109147467 0.44586255999999996 0.16353994799999996 0.48040278 0.17711064799999998 0.109147467 0.44586255999999996 0.16353994799999996
21 0.21949213 0.44218174 0.18656924 0.35410231999999997 0.09918508599999999 0.20779901999999997 0.18527165799999998 0.49350872999999995 0.44630871999999994 0.26451711 0.31959928 0.42851808999999996 0.35120228 0.43054439999999994 0.20779901999999997 0.11113101999999998 0.22544092999999996 0.084891235 0.20779901999999997 0.65468403 0.0 0.5098493399999999 0.20716695999999998 0.26362478999999994 0.22744864999999997 0.20779901999999997 0.07363499 0.4976357099999999 0.41160119 0.37371477 0.45850376 0.36469862 0.35120228 0.36395501999999996 0.20779901999999997 0.163463729 0.2502214 0.18742437999999997 0.20779901999999997 0.24944062 0.0 0.0 0.13237381299999998 0.49265359 0.13237381299999998 0.43762718999999994 0.5451517499999999 0.18456151999999998 0.49265359 0.13237381299999998 0.43762718999999994 0.5451517499999999 0.18456151999999998 0.49265359
22 0.32112366 0.19469306999999997 0.28820077 0.14879621899999998 0.33000967999999997 0.3600883 0.24358476999999998 0.15844256999999998 0.11125743199999999 0.18247572199999998 0.10091395599999999 0.09346866099999998 0.19515781999999998 0.095480099 0.3600883 0.34846954999999996 0.4694718599999999 0.36051586999999996 0.3600883 0.31961786999999997 0.5108717899999999 0.0 0.4812950999999999 0.23455003 0.27870128 0.3600883 0.42976361999999996 0.16258628099999997 0.19980531999999998 0.155035023 0.23982958999999998 0.20865416 0.19515781999999998 0.20792914999999998 0.3600883 0.26477736999999996 0.54351583 0.38923741999999995 0.3600883 0.30701385 0.0 0.0 0.33856107999999996 0.157591148 0.33856107999999996 0.21893442999999999 0.21008559 0.29660344999999994 0.157591148 0.33856107999999996 0.21893442999999999 0.21008559 0.29660344999999994 0.157591148
23 0.13912941899999998 0.43729257 0.18447600599999997 0.41130374999999997 0.24691238 0.109396573 0.33151547 0.4886009699999999 0.44141954999999994 0.32171853999999994 0.3768007099999999 0.42362891999999996 0.36453131 0.42565522999999994 0.109396573 0.17669795 0.11756873699999999 0.31515626999999996 0.109396573 0.64979486 0.38503608 0.5049601699999999 0.0 0.29368482 0.28465007999999997 0.109396573 0.30390932 0.4927465399999999 0.46880261999999995 0.3688256 0.45361459 0.37802765 0.36453131 0.37728405 0.109396573 0.27680509999999997 0.22637042999999998 0.21746581999999998 0.109396573 0.26276964999999997 0.0 0.0 0.166804352 0.48776442 0.166804352 0.43273801999999995 0.5402625799999999 0.21462155 0.48776442 0.166804352 0.43273801999999995 0.5402625799999999 0.21462155 0.48776442
24 0.11012716 0.36925316999999996 0.07720984699999998 0.28117374999999994 0.161403957 0.14909551799999998 0.20138546999999996 0.42056157 0.37338015 0.19158853999999997 0.24667070999999996 0.35558952 0.21785620999999997 0.35761582999999997 0.14909551799999998 0.137471191 0.29398225999999994 0.22964226999999998 0.14909551799999998 0.5817554599999999 0.29952207999999997 0.4369207699999999 0.30524779999999996 0.0 0.154523798 0.14909551799999998 0.21839532 0.42470714 0.33867262 0.3007862 0.38557518999999996 0.23135254999999996 0.21785620999999997 0.23060894999999998 0.14909551799999998 0.1466751 0.36746852999999996 0.178248356 0.14909551799999998 0.11609826799999998 0.0 0.0 0.127577593 0.41972501999999995 0.127577593 0.36469862 0.47222317999999996 0.08448969099999999 0.41972501999999995 0.127577593 0.36469862 0.47222317999999996 0.08448969099999999 0.41972501999999995
25 0.30887285 0.34677785999999994 0.27594995999999994 0.13748048599999999 0.176292688 0.32244354999999997 0.08986406 0.34473296 0.27096783999999996 0.16911322999999998 0.22419539999999996 0.25317721 0.31194019999999995 0.25518493 0.32244354999999997 0.22579413999999995 0.39531635 0.20679515999999998 0.32244354999999997 0.46482435999999994 0.35715107999999995 0.36109215999999994 0.3770237899999999 0.22118381999999998 0.0 0.32244354999999997 0.27604291 0.34887852999999996 0.20911891 0.27831089 0.36309988 0.32543653999999994 0.31194019999999995 0.32469293999999993 0.32244354999999997 0.11106037799999997 0.43924451999999997 0.28645330999999996 0.32244354999999997 0.31484024 0.0 0.0 0.24702391999999998 0.34387782 0.24702391999999998 0.34222330999999995 0.35531066999999994 0.28323724 0.34387782 0.24702391999999998 0.34222330999999995 0.35531066999999994 0.28323724 0.34387782
26 0.04409919799999999 0.38594698999999993 0.12410498099999999 0.35092343 0.21146124999999996 0.0 0.27115374 0.43727397999999995 0.39007397 0.26135680999999994 0.31642038999999994 0.37228334 0.31195878999999993 0.37430965 0.0 0.116326925 0.22795057999999996 0.27970513999999996 0.0 0.5984492799999999 0.34956635999999996 0.45361459 0.21030866999999998 0.23330449999999997 0.22428834999999997 0.0 0.26845819 0.44140095999999995 0.40844088999999995 0.31748002 0.4022690099999999 0.32545513 0.31195878999999993 0.32473011999999996 0.0 0.21644336999999997 0.2725294 0.15710408999999997 0.0 0.21021572 0.0 0.0 0.10643332699999998 0.4364188399999999 0.10643332699999998 0.38139244 0.48891699999999993 0.15425052499999997 0.4364188399999999 0.10643332699999998 0.38139244 0.48891699999999993 0.15425052499999997 0.4364188399999999
27 0.30082338 0.52351299 0.26790049 0.43541497999999995 0.18051261799999999 0.28913026999999997 0.26659919 0.5748213899999999 0.52763997 0.34584835999999997 0.40093052999999995 0.5098493399999999 0.43253353 0.51185706 0.28913026999999997 0.19246227 0.27379352 0.166218767 0.28913026999999997 0.7360152799999999 0.10576594599999999 0.5911805899999999 0.28847962 0.34493745 0.3087799 0.28913026999999997 0.0 0.5789669599999999 0.49293243999999997 0.45504601999999994 0.53983501 0.44602987 0.43253353 0.44528627 0.28913026999999997 0.24479311999999998 0.20123675 0.26873704 0.28913026999999997 0.33077186999999997 0.0 0.0 0.21371063999999998 0.5739848399999999 0.21371063999999998 0.5189584399999999 0.626483 0.26589276999999994 0.5739848399999999 0.21371063999999998 0.5189584399999999 0.626483 0.26589276999999994 0.5739848399999999
28 0.40093052999999995 0.04639506299999999 0.36800763999999997 0.23603723 0.41725254999999994 0.43989516999999995 0.33082764 0.10235653999999998 0.19850402 0.26972230999999997 0.18814938999999997 0.18071153099999998 0.28240068999999995 0.18272296899999999 0.43989516999999995 0.42827641999999994 0.5448171299999999 0.44775873999999993 0.43989516999999995 0.20739003999999997 0.5981146599999999 0.11871016299999998 0.5566403699999999 0.3217929 0.36594414999999997 0.43989516999999995 0.51700649 0.0 0.28221479 0.11140429299999999 0.13596168299999997 0.29589702999999995 0.28240068999999995 0.29517202 0.43989516999999995 0.35202023999999993 0.6188610999999999 0.4690442899999999 0.43989516999999995 0.38682071999999995 0.0 0.0 0.41836795 0.10150511799999998 0.41836795 0.11507767699999999 0.12258989599999999 0.38384631999999996 0.10150511799999998 0.41836795 0.11507767699999999 0.12258989599999999 0.38384631999999996 0.10150511799999998
29 0.40444404 0.28433405 0.37152114999999997 0.23211473999999996 0.41333005999999994 0.44340868 0.32690515 0.24808354999999999 0.19458152999999997 0.26579981999999996 0.18423805399999998 0.176792759 0.27849679 0.17880419699999997 0.44340868 0.43178993 0.5527922399999999 0.44383625 0.44340868 0.30125094999999996 0.5941921699999999 0.26444275 0.56461548 0.31787041 0.36202165999999997 0.44340868 0.5130839999999999 0.25222912 0.0 0.23836097999999997 0.32314996999999995 0.29199313 0.27849679 0.29124953 0.44340868 0.34809775 0.62683621 0.4725577999999999 0.44340868 0.39033422999999995 0.0 0.0 0.4219000499999999 0.24722840999999998 0.4219000499999999 0.30225480999999993 0.19173726 0.37992382999999996 0.24722840999999998 0.4219000499999999 0.30225480999999993 0.19173726 0.37992382999999996 0.24722840999999998
30 0.3442496199999999 0.07523001199999999 0.31132673 0.26487032 0.44608563999999995 0.3832142599999999 0.35966073 0.13118962999999997 0.22733711 0.29855539999999997 0.21698247999999998 0.20954647999999998 0.27016847 0.21155419999999997 0.3832142599999999 0.37159550999999996 0.48813621999999995 0.47659182999999994 0.3832142599999999 0.30872413 0.5886523499999999 0.14754325299999999 0.49995945999999997 0.34300409 0.3871553399999999 0.3832142599999999 0.5075441799999999 0.27866409999999997 0.31588128 0.0 0.09155203199999999 0.28364622 0.27016847 0.28292121 0.3832142599999999 0.38085333 0.5621801899999999 0.41236337999999995 0.3832142599999999 0.33013981 0.0 0.0 0.36168703999999996 0.130340067 0.36168703999999996 0.070666167 0.22391654999999996 0.37364041 0.130340067 0.36168703999999996 0.070666167 0.22391654999999996 0.37364041 0.130340067
31 0.33718541999999996 0.18230841199999998 0.30426253 0.37194871999999995 0.45110493999999995 0.37615005999999995 0.46673912999999995 0.23826803 0.33441550999999997 0.40563379999999993 0.32406088 0.31662488 0.34917597 0.3186326 0.37615005999999995 0.36453131 0.48107202 0.5193488299999999 0.37615005999999995 0.41580252999999995 0.5892100499999999 0.25462723 0.49289526 0.42201158999999994 0.44422664 0.37615005999999995 0.50810188 0.3857425 0.42295967999999995 0.24732136 0.0 0.36265371999999996 0.34917597 0.36192871 0.37615005999999995 0.43638165999999995 0.5551159899999999 0.40529918 0.37615005999999995 0.32307560999999996 0.0 0.0 0.35462283999999994 0.23741288999999996 0.35462283999999994 0.177744567 0.33099494999999995 0.37419811 0.23741288999999996 0.35462283999999994 0.177744567 0.33099494999999995 0.37419811 0.23741288999999996
32 0.155605736 0.3268122 0.12268842299999998 0.23871419 0.18792630999999996 0.19458152999999997 0.159492905 0.3781205999999999 0.33093917999999994 0.14914013399999998 0.20421114999999998 0.31314854999999997 0.15866936799999998 0.31515626999999996 0.19458152999999997 0.18294976699999999 0.33947199 0.21843249999999997 0.19458152999999997 0.5392958999999999 0.34499321999999993 0.39446121 0.35073752999999996 0.06792600099999999 0.11207167399999998 0.19458152999999997 0.26386645999999997 0.3822661699999999 0.29623164999999996 0.25832663999999994 0.34313422 0.0 0.15866936799999998 0.171427685 0.19458152999999997 0.12269028199999998 0.4129396699999999 0.22373064999999998 0.19458152999999997 0.161576844 0.0 0.0 0.17305616899999998 0.37726545999999994 0.17305616899999998 0.32223905999999997 0.42976361999999996 0.129968267 0.37726545999999994 0.17305616899999998 0.32223905999999997 0.42976361999999996 0.129968267 0.37726545999999994
33 0.27529931 0.18344612 0.24237641999999998 0.10186204599999998 0.28306992999999997 0.31426394999999996 0.19664502 0.23475451999999997 0.18757309999999996 0.13553969 0.06085808299999999 0.16978618799999998 0.0 0.17179762599999998 0.31426394999999996 0.30264519999999995 0.4294104099999999 0.31357611999999996 0.31426394999999996 0.39592981999999993 0.46393204 0.25111372 0.4412336499999999 0.18761028 0.23176152999999997 0.31426394999999996 0.38282386999999996 0.23890008999999995 0.152869288 0.11497729099999998 0.19976813999999998 0.168603864 0.0 0.16786769999999998 0.31426394999999996 0.21783761999999998 0.50345438 0.34341306999999993 0.31426394999999996 0.2669524 0.0 0.0 0.29275532 0.23389937999999996 0.29275532 0.17888227499999998 0.28641613 0.24966369999999996 0.23389937999999996 0.29275532 0.17888227499999998 0.28641613 0.24966369999999996 0.23389937999999996
34 0.156343759 0.32753720999999997 0.12342644599999998 0.23945778999999998 0.18865131999999996 0.19530653999999997 0.160230928 0.37884560999999994 0.33166418999999997 0.149876298 0.20495475 0.31387355999999994 0.15940739099999998 0.31589986999999997 0.19530653999999997 0.18368779 0.34019699999999997 0.21915751 0.19530653999999997 0.5400394999999999 0.34573681999999994 0.39520480999999996 0.35148113 0.068664024 0.11280969699999999 0.19530653999999997 0.26461006 0.38299118 0.29695666 0.25907023999999995 0.34385922999999996 7.375768399999999E-4 0.15940739099999998 0.0 0.19530653999999997 0.12342644599999998 0.41368326999999994 0.22445565999999997 0.19530653999999997 0.16231300799999998 0.0 0.0 0.173794192 0.37800905999999995 0.173794192 0.32298266 0.4305072199999999 0.13070628999999997 0.37800905999999995 0.173794192 0.32298266 0.4305072199999999 0.13070628999999997 0.37800905999999995
35 0.04409919799999999 0.38594698999999993 0.12410498099999999 0.35092343 0.21146124999999996 0.0 0.27115374 0.43727397999999995 0.39007397 0.26135680999999994 0.31642038999999994 0.37228334 0.31195878999999993 0.37430965 0.0 0.116326925 0.22795057999999996 0.27970513999999996 0.0 0.5984492799999999 0.34956635999999996 0.45361459 0.21030866999999998 0.23330449999999997 0.22428834999999997 0.0 0.26845819 0.44140095999999995 0.40844088999999995 0.31748002 0.4022690099999999 0.32545513 0.31195878999999993 0.32473011999999996 0.0 0.21644336999999997 0.2725294 0.15710408999999997 0.0 0.21021572 0.0 0.0 0.10643332699999998 0.4364188399999999 0.10643332699999998 0.38139244 0.48891699999999993 0.15425052499999997 0.4364188399999999 0.10643332699999998 0.38139244 0.48891699999999993 0.15425052499999997 0.4364188399999999
36 0.23185448 0.32038005999999997 0.19893159 0.23230063999999997 0.082729218 0.22016136999999997 0.063473696 0.37170705 0.32452562999999995 0.142724725 0.1977976 0.306735 0.25351182999999994 0.30874271999999997 0.22016136999999997 0.12348965199999999 0.29933618 0.122409573 0.22016136999999997 0.53288235 0.26117091 0.38804766 0.28104362 0.16276288599999997 0.10565812399999999 0.22016136999999997 0.18005902199999999 0.3758526199999999 0.28981809999999997 0.25191308999999995 0.33670207999999996 0.26700816999999993 0.25351182999999994 0.26626457 0.22016136999999997 0.0 0.34326435 0.18415811699999998 0.22016136999999997 0.24618737 0.0 0.0 0.144732445 0.37085190999999995 0.144732445 0.31582551 0.4233500699999999 0.18130455199999998 0.37085190999999995 0.144732445 0.31582551 0.4233500699999999 0.18130455199999998 0.37085190999999995
37 0.27529931 0.5734643199999999 0.31599281999999995 0.5258925099999999 0.27098643 0.24555530999999997 0.35707671999999996 0.62477272 0.5775913 0.43632589 0.49138946999999994 0.5598006699999999 0.5006844699999999 0.5618083899999999 0.24555530999999997 0.24055459999999998 0.18904170999999997 0.28067181999999996 0.24555530999999997 0.78594802 0.35053303999999996 0.64113192 0.17075100899999998 0.4251904799999999 0.39925742999999997 0.24555530999999997 0.26942487 0.62891829 0.5834099699999999 0.5049973499999999 0.58978634 0.5141808099999999 0.5006844699999999 0.5134557999999999 0.24555530999999997 0.33527065 0.0 0.34899007 0.24555530999999997 0.39894139999999995 0.0 0.0 0.2617843799999999 0.6239175799999999 0.2617843799999999 0.5688911799999999 0.6764157399999999 0.3461458 0.6239175799999999 0.2617843799999999 0.5688911799999999 0.6764157399999999 0.3461458 0.6239175799999999
38 0.08060624 0.34530924999999996 0.04768892699999999 0.27990962999999996 0.20307715999999998 0.11957459799999999 0.26276964999999997 0.39661765 0.34943622999999996 0.25297272 0.23890008999999995 0.3316456 0.18833528999999996 0.33367190999999996 0.11957459799999999 0.107950271 0.26446134 0.27132104999999995 0.11957459799999999 0.5578115399999999 0.34120085999999994 0.41297684999999995 0.27572688 0.22493899999999997 0.21590426 0.11957459799999999 0.2600741 0.40076322 0.330902 0.27684228 0.36163126999999995 0.20183163 0.18833528999999996 0.20108803 0.11957459799999999 0.20805927999999999 0.33794760999999995 0.0 0.11957459799999999 0.086577348 0.0 0.0 0.09805853199999998 0.39578109999999994 0.09805853199999998 0.34075469999999997 0.44827925999999996 0.145873871 0.39578109999999994 0.09805853199999998 0.34075469999999997 0.44827925999999996 0.145873871 0.39578109999999994
39 0.04409919799999999 0.38594698999999993 0.12410498099999999 0.35092343 0.21146124999999996 0.0 0.27115374 0.43727397999999995 0.39007397 0.26135680999999994 0.31642038999999994 0.37228334 0.31195878999999993 0.37430965 0.0 0.116326925 0.22795057999999996 0.27970513999999996 0.0 0.5984492799999999 0.34956635999999996 0.45361459 0.21030866999999998 0.23330449999999997 0.22428834999999997 0.0 0.26845819 0.44140095999999995 0.40844088999999995 0.31748002 0.4022690099999999 0.32545513 0.31195878999999993 0.32473011999999996 0.0 0.21644336999999997 0.2725294 0.15710408999999997 0.0 0.21021572 0.0 0.0 0.10643332699999998 0.4364188399999999 0.10643332699999998 0.38139244 0.48891699999999993 0.15425052499999997 0.4364188399999999 0.10643332699999998 0.38139244 0.48891699999999993 0.15425052499999997 0.4364188399999999
40 0.147401969 0.29275532 0.114484656 0.21118239999999996 0.19867132999999998 0.18636474999999997 0.23865841999999998 0.34406371999999996 0.2968823 0.22886149 0.170171001 0.27909167 0.119606201 0.28111798 0.18636474999999997 0.17474599999999998 0.33125520999999997 0.26691521999999995 0.18636474999999997 0.50525761 0.33679503 0.36042292 0.34253933999999997 0.19246227 0.19179303 0.18636474999999997 0.25566827 0.34820928999999995 0.26217477 0.22428834999999997 0.30907734 0.133102541 0.119606201 0.132364518 0.18636474999999997 0.18394805 0.40474148 0.21551386999999997 0.18636474999999997 0.0 0.0 0.0 0.16485240199999998 0.34322716999999997 0.16485240199999998 0.28820077 0.39572532999999993 0.1217645 0.34322716999999997 0.16485240199999998 0.28820077 0.39572532999999993 0.1217645 0.34322716999999997
41 0.0 0.0 0.0 0.0 0.0 0.0 0.0 0.0 0.0 0.0 0.0 0.0 0.0 0.0 0.0 0.0 0.0 0.0 0.0 0.0 0.0 0.0 0.0 0.0 0.0 0.0 0.0 0.0 0.0 0.0 0.0 0.0 0.0 0.0 0.0 0.0 0.0 0.0 0.0 0.0 0.0 0.0 0.0 0.0 0.0 0.0 0.0 0.0 0.0 0.0 0.0 0.0 0.0 0.0
42 0.0 0.0 0.0 0.0 0.0 0.0 0.0 0.0 0.0 0.0 0.0 0.0 0.0 0.0 0.0 0.0 0.0 0.0 0.0 0.0 0.0 0.0 0.0 0.0 0.0 0.0 0.0 0.0 0.0 0.0 0.0 0.0 0.0 0.0 0.0 0.0 0.0 0.0 0.0 0.0 0.0 0.0 0.0 0.0 0.0 0.0 0.0 0.0 0.0 0.0 0.0 0.0 0.0 0.0
43 0.11813387299999999 0.39288105999999995 0.08521841899999999 0.31203315 0.136039761 0.10643332699999998 0.19945210999999996 0.44418946 0.39700804 0.22246653 0.2775487 0.3792174099999999 0.27308709999999997 0.38122512999999997 0.10643332699999998 0.040907294999999996 0.2269839 0.20428550999999998 0.10643332699999998 0.60536476 0.27414672999999995 0.46054865999999994 0.20869133999999998 0.19441422 0.18539621099999998 0.10643332699999998 0.19301996999999999 0.44833502999999997 0.36955060999999995 0.32441409 0.40920307999999994 0.28656485 0.27308709999999997 0.28583984 0.10643332699999998 0.144732445 0.27089347999999996 0.11821566899999998 0.10643332699999998 0.17132358099999997 0.0 0.0 0.0 0.44333431999999995 0.0 0.38830792 0.49585106999999995 0.115362104 0.44333431999999995 0.0 0.38830792 0.49585106999999995 0.115362104 0.44333431999999995
44 0.30757154999999997 0.08652901399999999 0.27466725 0.26650623999999995 0.41388775999999994 0.34655478 0.36129664999999994 0.142490491 0.22897303 0.30019132 0.21861839999999996 0.21118239999999996 0.2334904 0.21319011999999998 0.34655478 0.33491744 0.45147673999999993 0.45684925 0.34655478 0.32002685 0.55199287 0.158842255 0.46329997999999994 0.30634460999999996 0.35049585999999994 0.34655478 0.47086611 0.28030002 0.31751719999999994 0.0180613004 0.10285103399999998 0.24698673999999998 0.2334904 0.24626172999999998 0.34655478 0.3611107499999999 0.52550212 0.3757038999999999 0.34655478 0.29348032999999996 0.0 0.0 0.32502755999999994 0.0 0.32502755999999994 0.08196516899999999 0.23521926999999998 0.33696233999999997 0.0 0.32502755999999994 0.08196516899999999 0.23521926999999998 0.33696233999999997 0.0
45 0.11813387299999999 0.39288105999999995 0.08521841899999999 0.31203315 0.136039761 0.10643332699999998 0.19945210999999996 0.44418946 0.39700804 0.22246653 0.2775487 0.3792174099999999 0.27308709999999997 0.38122512999999997 0.10643332699999998 0.040907294999999996 0.2269839 0.20428550999999998 0.10643332699999998 0.60536476 0.27414672999999995 0.46054865999999994 0.20869133999999998 0.19441422 0.18539621099999998 0.10643332699999998 0.19301996999999999 0.44833502999999997 0.36955060999999995 0.32441409 0.40920307999999994 0.28656485 0.27308709999999997 0.28583984 0.10643332699999998 0.144732445 0.27089347999999996 0.11821566899999998 0.10643332699999998 0.17132358099999997 0.0 0.0 0.0 0.44333431999999995 0.0 0.38830792 0.49585106999999995 0.115362104 0.44333431999999995 0.0 0.38830792 0.49585106999999995 0.115362104 0.44333431999999995
46 0.35806198999999994 0.20318869999999997 0.3251391 0.39284388 0.47198150999999994 0.39702662999999994 0.4876157 0.25914459999999995 0.35529207999999995 0.4265103699999999 0.34495603999999996 0.3375014499999999 0.37005253999999993 0.33952775999999996 0.39702662999999994 0.3854078799999999 0.5019485899999999 0.5402439899999999 0.39702662999999994 0.43669768999999997 0.61010521 0.27550379999999997 0.51379042 0.4429067499999999 0.46510320999999993 0.39702662999999994 0.5289784499999999 0.40661906999999997 0.44383625 0.26819793 0.020884005999999997 0.38354888 0.37005253999999993 0.38280527999999997 0.39702662999999994 0.45725823 0.5759925599999999 0.42619434 0.39702662999999994 0.34395218 0.0 0.0 0.37551799999999996 0.25830804999999996 0.37551799999999996 0.0 0.35189011 0.39507467999999996 0.25830804999999996 0.37551799999999996 0.0 0.35189011 0.39507467999999996 0.25830804999999996
47 0.37269231999999997 0.11036882999999999 0.33976943 0.20779901999999997 0.38901433999999996 0.41165695999999996 0.30258942999999994 0.074122048 0.17026766899999998 0.24148409999999995 0.159922334 0.15247703899999998 0.25418106999999995 0.15449033599999998 0.41165695999999996 0.40003820999999995 0.5165789199999999 0.41952052999999995 0.41165695999999996 0.27135823 0.56987645 0.090475671 0.52840216 0.29355468999999995 0.33770594 0.41165695999999996 0.48876827999999994 0.07826575899999999 0.25880998 0.08316980099999999 0.167958791 0.26767740999999995 0.25418106999999995 0.26693380999999994 0.41165695999999996 0.32378203 0.5906228899999999 0.44080607999999993 0.41165695999999996 0.35858250999999997 0.0 0.0 0.39014833 0.07327062599999999 0.39014833 0.14707478499999999 0.0 0.35560811 0.07327062599999999 0.39014833 0.14707478499999999 0.0 0.35560811 0.07327062599999999
48 0.21001122999999997 0.39814203 0.17710321199999998 0.31004402 0.10123556299999999 0.19831812 0.141218935 0.44945042999999996 0.4022690099999999 0.22047739999999996 0.27554098 0.38447837999999995 0.29041298 0.3864861 0.19831812 0.101655697 0.27751151999999996 0.169481312 0.19831812 0.61062573 0.23934624999999998 0.46579103999999993 0.25921896 0.19967519 0.183401504 0.19831812 0.158225067 0.45359599999999994 0.36756148 0.32967505999999996 0.4144640499999999 0.30390932 0.29041298 0.30318430999999996 0.19831812 0.08650670599999999 0.32142109999999996 0.16232416199999997 0.19831812 0.22436271 0.0 0.0 0.12289848999999999 0.44859529 0.12289848999999999 0.39356889 0.5010934499999999 0.0 0.44859529 0.12289848999999999 0.39356889 0.5010934499999999 0.0 0.44859529
49 0.30757154999999997 0.08652901399999999 0.27466725 0.26650623999999995 0.41388775999999994 0.34655478 0.36129664999999994 0.142490491 0.22897303 0.30019132 0.21861839999999996 0.21118239999999996 0.2334904 0.21319011999999998 0.34655478 0.33491744 0.45147673999999993 0.45684925 0.34655478 0.32002685 0.55199287 0.158842255 0.46329997999999994 0.30634460999999996 0.35049585999999994 0.34655478 0.47086611 0.28030002 0.31751719999999994 0.0180613004 0.10285103399999998 0.24698673999999998 0.2334904 0.24626172999999998 0.34655478 0.3611107499999999 0.52550212 0.3757038999999999 0.34655478 0.29348032999999996 0.0 0.0 0.32502755999999994 0.0 0.32502755999999994 0.08196516899999999 0.23521926999999998 0.33696233999999997 0.0 0.32502755999999994 0.08196516899999999 0.23521926999999998 0.33696233999999997 0.0
50 0.11813387299999999 0.39288105999999995 0.08521841899999999 0.31203315 0.136039761 0.10643332699999998 0.19945210999999996 0.44418946 0.39700804 0.22246653 0.2775487 0.3792174099999999 0.27308709999999997 0.38122512999999997 0.10643332699999998 0.040907294999999996 0.2269839 0.20428550999999998 0.10643332699999998 0.60536476 0.27414672999999995 0.46054865999999994 0.20869133999999998 0.19441422 0.18539621099999998 0.10643332699999998 0.19301996999999999 0.44833502999999997 0.36955060999999995 0.32441409 0.40920307999999994 0.28656485 0.27308709999999997 0.28583984 0.10643332699999998 0.144732445 0.27089347999999996 0.11821566899999998 0.10643332699999998 0.17132358099999997 0.0 0.0 0.0 0.44333431999999995 0.0 0.38830792 0.49585106999999995 0.115362104 0.44333431999999995 0.0 0.38830792 0.49585106999999995 0.115362104 0.44333431999999995
51 0.35806198999999994 0.20318869999999997 0.3251391 0.39284388 0.47198150999999994 0.39702662999999994 0.4876157 0.25914459999999995 0.35529207999999995 0.4265103699999999 0.34495603999999996 0.3375014499999999 0.37005253999999993 0.33952775999999996 0.39702662999999994 0.3854078799999999 0.5019485899999999 0.5402439899999999 0.39702662999999994 0.43669768999999997 0.61010521 0.27550379999999997 0.51379042 0.4429067499999999 0.46510320999999993 0.39702662999999994 0.5289784499999999 0.40661906999999997 0.44383625 0.26819793 0.020884005999999997 0.38354888 0.37005253999999993 0.38280527999999997 0.39702662999999994 0.45725823 0.5759925599999999 0.42619434 0.39702662999999994 0.34395218 0.0 0.0 0.37551799999999996 0.25830804999999996 0.37551799999999996 0.0 0.35189011 0.39507467999999996 0.25830804999999996 0.37551799999999996 0.0 0.35189011 0.39507467999999996 0.25830804999999996
52 0.37269231999999997 0.11036882999999999 0.33976943 0.20779901999999997 0.38901433999999996 0.41165695999999996 0.30258942999999994 0.074122048 0.17026766899999998 0.24148409999999995 0.159922334 0.15247703899999998 0.25418106999999995 0.15449033599999998 0.41165695999999996 0.40003820999999995 0.5165789199999999 0.41952052999999995 0.41165695999999996 0.27135823 0.56987645 0.090475671 0.52840216 0.29355468999999995 0.33770594 0.41165695999999996 0.48876827999999994 0.07826575899999999 0.25880998 0.08316980099999999 0.167958791 0.26767740999999995 0.25418106999999995 0.26693380999999994 0.41165695999999996 0.32378203 0.5906228899999999 0.44080607999999993 0.41165695999999996 0.35858250999999997 0.0 0.0 0.39014833 0.07327062599999999 0.39014833 0.14707478499999999 0.0 0.35560811 0.07327062599999999 0.39014833 0.14707478499999999 0.0 0.35560811 0.07327062599999999
53 0.21001122999999997 0.39814203 0.17710321199999998 0.31004402 0.10123556299999999 0.19831812 0.141218935 0.44945042999999996 0.4022690099999999 0.22047739999999996 0.27554098 0.38447837999999995 0.29041298 0.3864861 0.19831812 0.101655697 0.27751151999999996 0.169481312 0.19831812 0.61062573 0.23934624999999998 0.46579103999999993 0.25921896 0.19967519 0.183401504 0.19831812 0.158225067 0.45359599999999994 0.36756148 0.32967505999999996 0.4144640499999999 0.30390932 0.29041298 0.30318430999999996 0.19831812 0.08650670599999999 0.32142109999999996 0.16232416199999997 0.19831812 0.22436271 0.0 0.0 0.12289848999999999 0.44859529 0.12289848999999999 0.39356889 0.5010934499999999 0.0 0.44859529 0.12289848999999999 0.39356889 0.5010934499999999 0.0 0.44859529
54 0.30757154999999997 0.08652901399999999 0.27466725 0.26650623999999995 0.41388775999999994 0.34655478 0.36129664999999994 0.142490491 0.22897303 0.30019132 0.21861839999999996 0.21118239999999996 0.2334904 0.21319011999999998 0.34655478 0.33491744 0.45147673999999993 0.45684925 0.34655478 0.32002685 0.55199287 0.158842255 0.46329997999999994 0.30634460999999996 0.35049585999999994 0.34655478 0.47086611 0.28030002 0.31751719999999994 0.0180613004 0.10285103399999998 0.24698673999999998 0.2334904 0.24626172999999998 0.34655478 0.3611107499999999 0.52550212 0.3757038999999999 0.34655478 0.29348032999999996 0.0 0.0 0.32502755999999994 0.0 0.32502755999999994 0.08196516899999999 0.23521926999999998 0.33696233999999997 0.0 0.32502755999999994 0.08196516899999999 0.23521926999999998 0.33696233999999997 0.0
;
param alpha := 50 0.055 51 0.055 52 0.055 53 0.055 54 0.055;
param Tp := 150.8578;
param w1 := 0.75;
param w2 := 0.25;
param M:
 1 2 3 4 5 6 7 8 9 10 11 12 13 14 15 16 17 18 19 20 21 22 23 24 25 26 27 28 29 30 31 32 33 34 35 36 37 38 39 40 41 42 43 44 45 46 47 48 49 50 51 52 53 54:=
1 166.5 170.2356 168.15574 170.438 169.2296 167.586 169.9756 170.7878 170.2802 169.8702 169.9968 170.0888 169.4528 170.1104 167.586 168.31006 168.536 169.9638 167.586 172.5218 170.7154 157.96359999999999 154.6632 146.5686 142.4716 134.586 121.8426 120.8324 109.98679999999999 94.499 93.41120000000001 87.59800000000001 73.4528 67.59 61.58600000000001 58.387 38.33240000000001 35.74879999999999 31.586000000000013 21.358100000000007 166.5 166.5 168.20362 170.7786 168.20362 170.1866 171.3434 168.718 170.7786 168.20362 170.1866 171.3434 168.718 170.7786
2 170.651 166.5 170.2968 168.877 170.8266 171.0702 169.8968 167.43878 168.47314 169.2394 168.36186 168.28176 169.3758 168.3034 171.0702 170.945 172.199 171.1548 171.0702 170.7148 172.7724 154.61472 158.3262 146.7996 143.2746 138.0702 123.89959999999999 119.02539999999999 108.42580000000001 92.53612000000001 91.44832 87.52099999999999 73.3758 67.51320000000001 65.0702 59.12479999999999 41.99539999999999 38.38380000000001 35.0702 23.499200000000002 166.5 166.5 170.83859999999999 167.42962 170.83859999999999 168.22364 169.5364 170.467 167.42962 170.83859999999999 168.22364 169.5364 170.467 167.42962
3 167.09398 170.7718 166.5 170.63400000000001 169.1336 167.5132 169.7758 171.3238 170.8162 169.6704 170.263 170.6248 169.989 170.6464 167.5132 168.11016 169.072 169.8678 167.5132 173.0578 170.6194 158.4998 155.1992 146.3686 142.2716 134.5132 121.74680000000001 121.36840000000001 110.25280000000001 95.0352 93.94739999999999 88.13419999999999 73.989 68.12620000000001 61.51320000000001 58.18719999999999 38.86859999999999 35.5488 31.513200000000012 21.894200000000012 166.5 166.5 168.00372 171.3146 168.00372 170.7228 171.8796 168.5182 171.3146 168.00372 170.7228 171.8796 168.5182 171.3146
4 168.46126 168.869 168.10712 166.5 168.809 168.8804 168.503 169.4212 168.9136 166.95768 167.55022 168.7222 168.49422 168.7438 168.8804 168.7554 170.4394 169.1372 168.8804 171.1552 170.4988 156.597 156.5606 144.51796 140.9929 135.8804 121.626 119.4658 107.5402 93.13247999999999 92.0446 86.6394 72.49422000000001 66.63140000000001 62.88040000000001 57.10712000000001 40.22980000000001 36.194199999999995 32.88040000000001 21.52539999999999 166.5 166.5 168.649 169.412 168.649 168.82 169.9768 168.18544 169.412 168.649 168.82 169.9768 168.18544 169.412
5 168.8828 170.3886 168.5288 169.441 166.5 168.757 167.62468 170.9408 170.4332 168.47728 169.0698 170.2418 169.5838 170.2634 168.757 167.71704 168.947 167.40474 168.757 172.6748 168.5364 158.1166 154.7502 145.6076 141.0785 135.757 119.66363999999999 120.9854 109.0598 94.65199999999999 93.5642 87.72900000000001 73.5838 67.721 62.757000000000005 56.39004 38.419399999999996 35.537800000000004 32.757000000000005 22.205000000000013 166.5 166.5 167.94558 170.9316 167.94558 170.3396 171.4964 168.507 170.9316 167.94558 170.3396 171.4964 168.507 170.9316
6 166.97444 170.6522 167.83518 170.2754 168.775 166.5 169.4172 171.2044 170.6966 169.3118 169.9042 170.5052 169.8562 170.527 166.5 167.7515 168.9524 169.5092 166.5 172.9384 170.2608 158.3802 154.7626 146.01 141.913 133.5 121.38820000000001 121.24879999999999 109.89420000000001 94.91560000000001 93.8278 88.00139999999999 73.8562 67.99359999999999 60.5 57.828599999999994 38.43199999999999 35.190200000000004 30.5 21.761599999999987 166.5 166.5 167.64506 171.1952 167.64506 170.6032 171.76 168.1595 171.1952 167.64506 170.6032 171.76 168.1595 171.1952
7 169.1902 169.598 168.836 168.6502 169.0678 169.6094 166.5 170.15 169.6424 167.68658 168.2791 169.451 169.2232 169.4726 169.6094 169.4844 171.1682 169.396 169.6094 171.88400000000001 171.0136 157.326 157.2274 145.24686 140.2878 136.6094 122.14099999999999 120.19460000000001 108.269 93.8614 92.77359999999999 87.36840000000001 73.22319999999999 67.3604 63.609399999999994 57.36601999999999 40.89680000000001 36.923 33.609399999999994 22.254400000000004 166.5 166.5 169.3778 170.1408 169.3778 169.5488 170.7058 168.9144 170.1408 169.3778 169.5488 170.7058 168.9144 170.1408
8 170.1306 168.7704 169.7766 168.27676 170.2264 170.5498 169.2964 166.5 167.8729 168.639 167.76162 167.68152 168.7756 167.70316 170.5498 170.4248 171.7268 170.5546 170.5498 170.1146 172.1722 153.675938 157.854 146.1994 142.6744 137.5498 123.29939999999999 118.42509999999999 107.82560000000001 93.34388000000001 92.256 86.92079999999999 72.7756 66.9128 64.5498 58.52459999999999 41.5232 37.86359999999999 34.549800000000005 22.978800000000007 166.5 166.5 170.3184 168.37138 170.3184 169.0314 168.9362 169.8668 168.37138 170.3184 169.0314 168.9362 169.8668 168.37138
9 169.106 169.5138 168.7518 167.24006 169.1896 169.5252 168.25978 169.2478 166.5 167.60238 168.19492 168.26282 169.139 168.28446 169.5252 169.4002 171.084 169.5178 169.5252 170.9198 171.1354 156.4238 157.2052 145.16266 141.6376 136.5252 122.2628 119.29239999999999 106.78881999999999 93.7772 92.6894 87.2842 73.13900000000001 67.27619999999999 63.52520000000001 57.48782 40.87459999999999 36.83879999999999 33.52520000000001 22.170199999999994 166.5 166.5 169.2938 169.2386 169.2938 169.4646 169.7416 168.8302 169.2386 169.2938 169.4646 169.7416 168.8302 169.2386
10 169.5388 168.5506 169.1846 167.67282 169.6224 169.958 168.6926 169.1026 168.595 166.5 167.23168 168.40358 168.24568 168.42522 169.958 169.833 171.1968 169.9506 169.958 170.8366 171.5682 156.2786 157.324 145.5954 142.0704 136.958 122.69560000000001 119.1472 107.22157999999999 92.81394 91.7262 86.39088000000001 72.24568 66.38293999999999 63.958 57.92060000000001 40.99340000000001 37.27160000000001 33.958 22.449000000000012 166.5 166.5 169.7264 169.0934 169.7264 168.5014 169.6582 169.263 169.0934 169.7264 168.5014 169.6582 169.263 169.0934
11 170.29 167.98776 169.9358 168.43604 170.3856 170.7092 169.4558 168.5398 168.03218 168.7984 166.5 167.8408 168.935 167.86244 170.7092 170.5842 171.886 170.7138 170.7092 170.2738 172.3314 155.7158 158.0132 146.3586 142.8336 137.7092 123.4588 118.58439999999999 107.9848 92.25116 91.16336000000001 87.08000000000001 72.935 67.07220000000001 64.70920000000001 58.68379999999999 41.68260000000001 38.02279999999999 34.70920000000001 23.138200000000012 166.5 166.5 170.4776 168.5306 170.4776 167.93868 169.0954 170.0262 168.5306 170.4776 167.93868 169.0954 170.0262 168.5306
12 169.1888 168.1386 168.8346 168.5868 169.8904 169.608 169.6026 168.6906 168.18302 168.9492 166.81974 166.5 167.83374 166.521644 169.608 169.483 170.7848 170.2366 169.608 170.4248 171.3762 155.8666 156.912 145.6174 142.0924 136.608 122.5036 118.73519999999999 108.13560000000001 92.40199999999999 91.3142 85.97894 71.83374 65.971 63.608000000000004 58.20660000000001 40.5814 36.92160000000001 33.608000000000004 22.037000000000006 166.5 166.5 169.3766 168.6816 169.3766 168.08952 169.2464 169.063 168.6816 169.3766 168.08952 169.2464 169.063 168.6816
13 169.4618 168.4736 169.1076 167.59588 169.5454 169.881 168.6156 169.0256 168.518 167.9582 167.15474 168.32664 166.5 168.34828 169.881 169.756 171.1198 169.8736 169.881 170.7596 171.4912 156.2016 157.247 145.5184 141.9934 136.881 122.61859999999999 119.0702 107.14464000000001 92.73697999999999 91.64920000000001 86.31392 70.5 66.30600000000001 63.881 57.84360000000001 40.91640000000001 37.19460000000001 33.881 22.372000000000014 166.5 166.5 169.6496 169.0164 169.6496 168.4245 169.5814 169.186 169.0164 169.6496 168.4245 169.5814 169.186 169.0164
14 169.1672 168.11696 168.813 168.5652 169.8688 169.5864 169.581 168.669 168.16138 168.9276 166.7981 167.97 167.8121 166.5 169.5864 169.4614 170.7632 170.215 169.5864 170.403 171.3546 155.845 156.8904 145.5958 142.0708 136.5864 122.482 118.71360000000001 108.114 92.38036 91.29256000000001 85.95728 71.81209999999999 65.94936000000001 63.5864 58.185 40.559799999999996 36.900000000000006 33.5864 22.0154 166.5 166.5 169.3548 168.6598 169.3548 168.06786 169.2246 169.0414 168.6598 169.3548 168.06786 169.2246 169.0414 168.6598
15 166.97444 170.6522 167.83518 170.2754 168.775 166.5 169.4172 171.2044 170.6966 169.3118 169.9042 170.5052 169.8562 170.527 166.5 167.7515 168.9524 169.5092 166.5 172.9384 170.2608 158.3802 154.7626 146.01 141.913 133.5 121.38820000000001 121.24879999999999 109.89420000000001 94.91560000000001 93.8278 88.00139999999999 73.8562 67.99359999999999 60.5 57.828599999999994 38.43199999999999 35.190200000000004 30.5 21.761599999999987 166.5 166.5 167.64506 171.1952 167.64506 170.6032 171.76 168.1595 171.1952 167.64506 170.6032 171.76 168.1595 171.1952
16 167.87738 170.8332 167.52324 169.9634 167.73504 167.7515 168.4172 171.3852 170.8776 168.9998 169.5924 170.6862 169.5444 170.7078 167.7515 166.5 168.7134 168.46926 167.7515 173.1194 169.2208 158.5612 154.5166 145.698 141.601 134.7515 120.34816000000001 121.4298 109.5822 95.0966 94.00880000000001 87.68960000000001 73.5444 67.6816 61.75149999999999 56.82856000000001 38.18600000000001 34.87826000000001 31.751499999999993 21.44962000000001 166.5 166.5 166.9401 171.3762 166.9401 170.7842 171.941 167.84756 171.3762 166.9401 170.7842 171.941 167.84756 171.3762
17 168.8792 172.087 169.3672 171.7614 169.019 168.5594 169.945 172.6392 172.1314 170.7976 171.3902 171.9402 171.3042 171.9618 168.5594 168.6914 166.5 169.2812 168.5594 174.3732 170.0328 159.815 153.94054 147.542 143.3988 135.5594 121.16 122.68360000000001 111.3802 96.35040000000001 95.26259999999999 89.4494 75.30420000000001 69.44139999999999 62.55940000000001 58.71039999999999 36.84582 36.72219999999999 32.55940000000001 23.209399999999988 166.5 166.5 168.92 172.63 168.92 172.038 173.1948 169.6914 172.63 168.92 172.038 173.1948 169.6914 172.63
18 170.6582 172.294 170.304 171.3462 168.49578 170.5322 169.53 172.846 172.3384 170.3826 170.975 172.147 171.489 172.1686 170.5322 169.4922 170.3674 166.5 170.5322 174.58 168.5596 160.022 156.5254 147.5128 142.9838 137.5322 121.08879999999999 122.8906 110.965 96.5574 95.46960000000001 89.63419999999999 75.489 69.62639999999999 64.53219999999999 58.2954 38.586600000000004 37.31299999999999 34.53219999999999 23.980400000000003 166.5 166.5 169.7208 172.8368 169.7208 172.2448 173.4016 170.2822 172.8368 169.7208 172.2448 173.4016 170.2822 172.8368
19 166.97444 170.6522 167.83518 170.2754 168.775 166.5 169.4172 171.2044 170.6966 169.3118 169.9042 170.5052 169.8562 170.527 166.5 167.7515 168.9524 169.5092 166.5 172.9384 170.2608 158.3802 154.7626 146.01 141.913 133.5 121.38820000000001 121.24879999999999 109.89420000000001 94.91560000000001 93.8278 88.00139999999999 73.8562 67.99359999999999 60.5 57.828599999999994 38.43199999999999 35.190200000000004 30.5 21.761599999999987 166.5 166.5 167.64506 171.1952 167.64506 170.6032 171.76 168.1595 171.1952 167.64506 170.6032 171.76 168.1595 171.1952
20 171.4808 167.66654 171.1266 169.7068 171.6564 171.9 170.7266 168.26858 169.303 170.0692 169.1916 169.1116 170.2056 169.1332 171.9 171.7748 173.0288 171.9846 171.9 166.5 173.6022 155.44452 159.156 147.6294 144.1044 138.9 124.7294 118.32516000000001 108.39160000000001 93.36591999999999 91.6302 88.35079999999999 74.2056 68.34299999999999 65.9 59.9546 42.825199999999995 39.213599999999985 35.900000000000006 24.329000000000008 166.5 166.5 171.6684 168.25944 171.6684 168.40544 167.67426 171.2968 168.25944 171.6684 168.40544 167.67426 171.2968 168.25944
21 17.8614 20.2572 17.5072 19.3096 16.56708 17.735599999999998 17.49324 20.8094 20.3016 18.3458 18.9384 20.1102 19.2784 20.131999999999998 17.735599999999998 16.6956 17.9254 16.4133 17.735599999999998 22.5434 15.5 7.985199999999999 3.7287999999999997 0.0 0.0 0.0 0.0 0.0 0.0 0.0 0.0 0.0 0.0 0.0 0.0 0.0 0.0 0.0 0.0 0.0 15.5 15.5 16.92414 20.8002 16.92414 20.208199999999998 21.365000000000002 17.4856 20.8002 16.92414 20.208199999999998 21.365000000000002 17.4856 20.8002
22 31.9548 30.5946 31.6006 30.10082 32.050399999999996 32.374 31.1206 30.2046 29.69696 30.46316 29.58568 29.50558 30.5996 29.52722 32.374 32.249 33.5508 32.3786 32.374 31.9386 33.9962 15.5 19.677999999999997 8.023399999999999 4.4984 0.0 0.0 0.0 0.0 0.0 0.0 0.0 0.0 0.0 0.0 0.0 0.0 0.0 0.0 0.0 28.5 28.5 32.1424 30.19544 32.1424 30.8554 30.7602 31.691 30.19544 32.1424 30.8554 30.7602 31.691 30.19544
23 30.99682 34.2046 31.48468 33.925 32.1564 30.676940000000002 33.0666 34.7566 34.249 32.9612 33.5538 34.0576 33.4218 34.0794 30.676940000000002 31.401 30.76486 32.8906 30.676940000000002 36.4908 33.6424 21.9326 15.5 9.659599999999998 5.562399999999997 0.0 0.0 0.0 0.0 0.0 0.0 0.0 0.0 0.0 0.0 0.0 0.0 0.0 0.0 0.0 29.5 29.5 31.29456 34.7476 31.29456 34.1556 35.3124 31.809 34.7476 31.29456 34.1556 35.3124 31.809 34.7476
24 39.6848 42.4726 39.33066 41.525 40.23646 40.10404 40.6666 43.0246 42.517 40.5612 41.1538 42.3256 40.8438 42.3474 40.10404 39.97898 41.6628 40.9706 40.10404 44.7588 41.7224 30.2006 27.784 15.5 13.162439999999997 7.104039999999998 0.0 0.0 0.0 0.0 0.0 0.0 0.0 0.0 0.0 0.0 0.0 0.0 0.0 0.0 38.5 38.5 39.87254 43.0156 39.87254 42.4236 43.5804 39.40898 43.0156 39.87254 42.4236 43.5804 39.40898 43.0156
25 45.823 46.2308 45.4688 43.97908 44.39664 45.969 43.4668 46.2088 45.4152 44.3194 44.912 45.2238 45.856 45.245400000000004 45.969 44.9292 46.753 44.7248 45.969 47.5008 46.3424 33.3848 32.5562 21.879599999999996 15.5 12.969000000000001 0.0 0.0 0.0 0.0 0.0 0.0 0.0 0.0 0.0 0.0 0.0 0.0 0.0 0.0 42.5 42.5 45.1576 46.199600000000004 45.1576 46.1818 46.3226 45.547200000000004 46.199600000000004 45.1576 46.1818 46.3226 45.547200000000004 46.199600000000004
26 48.97444 52.6522 49.83518 52.2754 50.775 48.5 51.4172 53.2044 52.696600000000004 51.3118 51.9042 52.5052 51.8562 52.527 48.5 49.7515 50.9524 51.5092 48.5 54.9384 52.2608 40.3802 36.7626 28.009999999999998 23.912999999999997 15.5 3.3881999999999977 3.248800000000003 0.0 0.0 0.0 0.0 0.0 0.0 0.0 0.0 0.0 0.0 0.0 0.0 48.5 48.5 49.64506 53.1952 49.64506 52.6032 53.76 50.1595 53.1952 49.64506 52.6032 53.76 50.1595 53.1952
27 58.7364 61.1322 58.3822 60.1844 57.44204 58.6106 58.3682 61.6842 61.1766 59.2208 59.8134 60.9852 60.1534 61.0068 58.6106 57.5706 58.4456 57.28826 58.6106 63.4184 56.63788 48.8602 44.6036 36.211 31.822000000000003 25.610599999999998 7.5 11.7288 0.0 0.0 0.0 0.0 0.0 0.0 0.0 0.0 0.0 0.0 0.0 0.0 55.5 55.5 57.7992 61.675200000000004 57.7992 61.0832 62.24 58.3606 61.675200000000004 57.7992 61.0832 62.24 58.3606 61.675200000000004
28 69.8134 65.99914 69.4592 68.0394 69.989 70.2326 69.0592 66.6012 67.6356 68.4018 67.5242 67.44418 68.5382 67.46582 70.2326 70.1076 71.3614 70.3172 70.2326 67.7312 71.9348 53.77714 57.488600000000005 45.962 42.437 37.232600000000005 23.062200000000004 15.5 7.536199999999994 0.0 0.0 0.0 0.0 0.0 0.0 0.0 0.0 0.0 0.0 0.0 65.5 65.5 70.001 66.59204 70.001 66.73806 66.81888000000001 69.6296 66.59204 70.001 66.73806 66.81888000000001 69.6296 66.59204
29 80.8512 79.559 80.497 78.9972 80.9468 81.2704 80.017 79.169 78.5934 79.3596 78.48212 78.40202 79.4962 78.42366 81.2704 81.1454 82.4472 81.275 81.2704 79.741 82.8926 66.345 68.5744 56.919799999999995 53.394800000000004 48.270399999999995 34.019999999999996 29.2136 15.5 4.064400000000006 2.976600000000005 0.0 0.0 0.0 0.0 0.0 0.0 0.0 0.0 0.0 76.5 76.5 81.039 79.1598 81.039 79.7518 78.5628 80.5874 79.1598 81.039 79.7518 78.5628 80.5874 79.1598
30 94.2036 91.30936 93.8494 93.3496 95.2992 94.6228 94.3694 91.9114 92.9458 93.712 92.8344 92.7544 93.4066 92.776 94.6228 94.4978 95.7516 95.6274 94.6228 93.8214 96.833 79.08734 81.8788 71.1902 67.6652 61.6228 47.96039999999999 43.498000000000005 32.898399999999995 15.5 14.484960000000001 11.551599999999993 0.0 0.0 0.0 0.0 0.0 0.0 0.0 0.0 90.5 90.5 94.3912 91.90226 94.3912 91.26026 92.909 94.5198 91.90226 94.3912 91.26026 92.909 94.5198 91.90226
31 96.1276 94.46136 95.7734 96.5016 97.3532 96.5468 97.5214 95.0634 96.0978 96.864 95.9864 95.9064 96.2566 95.928 96.5468 96.4218 97.6756 98.0874 96.5468 96.9734 98.839 82.2394 83.8028 74.0402 70.2792 63.546800000000005 49.96639999999999 46.650000000000006 36.050399999999996 20.160799999999995 15.5 14.401600000000002 0.25660000000000593 0.0 0.0 0.0 0.0 0.0 0.0 0.0 92.5 92.5 96.3152 95.0542 96.3152 94.41226 96.061 96.5258 95.0542 96.3152 94.41226 96.061 96.5258 95.0542
32 99.17408 101.016 98.81994 100.0682 99.5218 99.5934 99.2159 101.568 101.0604 99.10452 99.697 100.869 99.20704 100.8906 99.5934 99.46826 101.1522 99.85 99.5934 103.30199999999999 101.2116 88.7438 87.2734 75.23078 71.70572 66.5934 52.338800000000006 51.6126 39.687 25.279200000000003 24.191599999999994 15.5 3.2070400000000063 0.0 0.0 0.0 0.0 0.0 0.0 0.0 97.5 97.5 99.36182 101.5588 99.36182 100.9668 102.1236 98.89826 101.5588 99.36182 100.9668 102.1236 98.89826 101.5588
33 114.4618 113.4736 114.1076 112.59588 114.5454 114.881 113.6156 114.0256 113.518 112.9582 112.15474 113.32664 111.5 113.34828 114.881 114.756 116.1198 114.8736 114.881 115.7596 116.4912 101.2016 102.247 90.5184 86.9934 81.881 67.6186 64.0702 52.144639999999995 37.73698 36.64919999999999 31.313919999999996 15.5 11.305999999999997 8.881 2.843599999999995 0.0 0.0 0.0 0.0 111.5 111.5 114.6496 114.0164 114.6496 113.4245 114.5814 114.186 114.0164 114.6496 113.4245 114.5814 114.186 114.0164
34 119.18202 121.0238 118.82788 120.0762 119.5296 119.6012 119.22384 121.5758 121.0682 119.11244 119.705 120.8768 119.21498 120.8986 119.6012 119.4762 121.16 119.8578 119.6012 123.31 121.2196 108.7518 107.2814 95.23872 91.71366 86.6012 72.3468 71.6204 59.6948 45.2872 44.1994 35.507935200000006 23.214979999999997 15.5 13.601200000000006 7.827879999999993 0.0 0.0 0.0 0.0 117.5 117.5 119.36976 121.5668 119.36976 120.9748 122.1316 118.9062 121.5668 119.36976 120.9748 122.1316 118.9062 121.5668
35 121.97444 125.6522 122.83518 125.2754 123.775 121.5 124.4172 126.20439999999999 125.6966 124.3118 124.9042 125.5052 124.8562 125.527 121.5 122.7515 123.9524 124.50919999999999 121.5 127.9384 125.2608 113.3802 109.7626 101.01 96.913 88.5 76.3882 76.2488 64.8942 49.9156 48.827799999999996 43.001400000000004 28.8562 22.9936 15.5 12.828599999999994 0.0 0.0 0.0 0.0 121.5 121.5 122.64506 126.1952 122.64506 125.6032 126.76 123.1595 126.1952 122.64506 125.6032 126.76 123.1595 126.1952
36 128.9944 129.9468 128.6402 128.9992 127.39004 128.8686 127.18288 130.499 129.9914 128.0355 128.628 129.8 129.2274 129.8216 128.8686 127.82856 129.7204 127.81694 128.8686 132.233 129.3098 117.6748 115.52359999999999 105.25108 100.63672 95.86859999999999 80.43716 80.5436 68.618 54.210199999999986 53.1224 47.372600000000006 33.22739999999999 27.364599999999996 22.868599999999986 15.5 0.0 0.0 0.0 0.0 126.5 126.5 128.0571 130.4898 128.0571 129.8978 131.0546 128.45056 130.4898 128.0571 129.8978 131.0546 128.45056 130.4898
37 149.4618 152.6696 149.8996 152.1578 149.4154 149.1418 150.3416 153.2216 152.714 151.1942 151.7866 152.5226 151.8866 152.5442 149.1418 149.088 148.5338 149.5196 149.1418 154.9556 150.2712 140.3976 134.33702 128.0744 123.7954 116.14179999999999 101.39859999999999 103.2662 91.7766 76.93299999999999 75.8452 70.0318 55.88659999999999 50.024 43.14179999999999 39.107 15.5 17.25460000000001 13.14179999999999 3.7920000000000016 146.5 146.5 149.3164 153.2124 149.3164 152.6204 153.7772 150.224 153.2124 149.3164 152.6204 153.7772 150.224 153.2124
38 149.3672 152.215 149.01306 151.5114 150.6848 149.78644 151.327 152.767 152.2594 151.2216 151.0702 152.068 150.5262 152.0898 149.78644 149.66138 151.3452 151.419 149.78644 154.5012 152.17079999999999 139.943 137.4664 127.91999999999999 123.8228 116.78644 103.298 102.8116 91.06 76.4784 75.3906 68.6714 54.52619999999999 48.663399999999996 43.78644 39.73840000000001 21.13579999999999 15.5 13.786439999999999 2.431440000000009 148.5 148.5 149.55496 152.758 149.55496 152.166 153.3228 150.06938 152.758 149.55496 152.166 153.3228 150.06938 152.758
39 151.97444 155.6522 152.83518 155.2754 153.775 151.5 154.4172 156.2044 155.6966 154.3118 154.9042 155.5052 154.8562 155.527 151.5 152.7515 153.9524 154.5092 151.5 157.9384 155.2608 143.3802 139.7626 131.01 126.91300000000001 118.5 106.38820000000001 106.24879999999999 94.89420000000001 79.91560000000001 78.8278 73.00139999999999 58.8562 52.99359999999999 45.5 42.828599999999994 23.431999999999988 20.190200000000004 15.5 6.761599999999987 151.5 151.5 152.64506 156.1952 152.64506 155.6032 156.76 153.1595 156.1952 152.64506 155.6032 156.76 153.1595 156.1952
40 164.08582 165.6496 163.73168 164.772 164.6374 164.505 165.0676 166.2016 165.694 164.9622 164.33078 165.5026 163.78678 165.5244 164.505 164.38 166.0638 165.3716 164.505 167.9358 166.1234 153.3776 152.1852 141.5706 137.5634 131.505 117.25059999999999 116.24619999999999 104.32060000000001 89.91300000000001 88.8252 81.93198000000001 67.78678 61.92403999999999 58.504999999999995 53.47900000000001 35.8544 31.818600000000004 28.504999999999995 15.5 162.5 162.5 164.27356 166.1926 164.27356 165.6006 166.7574 163.81 166.1926 164.27356 165.6006 166.7574 163.81 166.1926
41 166.0 166.0 166.0 166.0 166.0 166.0 166.0 166.0 166.0 166.0 166.0 166.0 166.0 166.0 166.0 166.0 166.0 166.0 166.0 166.0 166.0 153.0 152.0 143.0 139.0 133.0 118.0 116.0 105.0 91.0 89.0 84.0 70.0 64.0 60.0 55.0 35.0 33.0 30.0 19.0 166.0 166.0 166.0 166.0 166.0 166.0 166.0 166.0 166.0 166.0 166.0 166.0 166.0 166.0
42 166.0 166.0 166.0 166.0 166.0 166.0 166.0 166.0 166.0 166.0 166.0 166.0 166.0 166.0 166.0 166.0 166.0 166.0 166.0 166.0 166.0 153.0 152.0 143.0 139.0 133.0 118.0 116.0 105.0 91.0 89.0 84.0 70.0 64.0 60.0 55.0 35.0 33.0 30.0 19.0 166.0 166.0 166.0 166.0 166.0 166.0 166.0 166.0 166.0 166.0 166.0 166.0 166.0 166.0
43 167.27094 170.2268 166.91682 169.357 167.46358 167.14506 168.1458 170.7788 170.2712 168.3934 168.986 170.0798 168.938 170.1014 167.14506 166.4401 168.442 168.1978 167.14506 172.5128 168.9494 157.9548 154.2452 145.0916 140.99458 134.14506 120.07660000000001 120.82339999999999 108.97579999999999 94.49019999999999 93.4024 87.083 72.93799999999999 67.0752 61.14506 56.55709999999999 37.9144 34.27181999999999 31.14506 20.84317999999999 166.0 166.0 166.0 170.7696 166.0 170.1776 171.3346 167.24112 170.7696 166.0 170.1776 171.3346 167.24112 170.7696
44 169.309 166.93092 168.955 168.8672 170.4528 169.7284 169.887 167.53298 168.4634 169.2296 168.352 168.272 168.512 168.2936 169.7284 169.6032 170.8572 170.915 169.7284 169.443 171.9386 154.7089 156.9844 146.29579999999999 142.7708 136.7284 123.0658 119.0156 108.416 91.194312 90.10651999999999 86.65719999999999 72.512 66.64940000000001 63.72839999999999 58.88499999999999 40.65360000000001 37.042 33.72839999999999 22.157399999999996 166.0 166.0 169.4968 166.0 169.4968 166.88182 168.5306 169.6252 166.0 169.4968 166.88182 168.5306 169.6252 166.0
45 167.27094 170.2268 166.91682 169.357 167.46358 167.14506 168.1458 170.7788 170.2712 168.3934 168.986 170.0798 168.938 170.1014 167.14506 166.4401 168.442 168.1978 167.14506 172.5128 168.9494 157.9548 154.2452 145.0916 140.99458 134.14506 120.07660000000001 120.82339999999999 108.97579999999999 94.49019999999999 93.4024 87.083 72.93799999999999 67.0752 61.14506 56.55709999999999 37.9144 34.27181999999999 31.14506 20.84317999999999 166.0 166.0 166.0 170.7696 166.0 170.1776 171.3346 167.24112 170.7696 166.0 170.1776 171.3346 167.24112 170.7696
46 169.8522 168.186 169.498 170.2264 171.0778 170.2714 171.246 168.788 169.8224 170.58859999999999 169.7112 169.631 169.9812 169.6528 170.2714 170.1464 171.4002 171.8122 170.2714 170.69819999999999 172.5638 155.964 157.5276 147.765 144.0038 137.2714 123.691 120.37459999999999 109.775 93.8854 89.22468 88.12639999999999 73.9812 68.11840000000001 64.2714 59.919399999999996 41.196799999999996 37.585199999999986 34.2714 22.700400000000002 166.0 166.0 170.04 168.779 170.04 166.0 169.7858 170.2504 168.779 170.04 166.0 169.7858 170.2504 168.779
47 170.0096 167.1874 169.6554 168.2356 170.1852 170.4288 169.2554 166.79744 167.83182 168.598 167.72052 167.64042 168.7346 167.66208 170.4288 170.3038 171.5576 170.5134 170.4288 168.9194 172.131 153.97338 157.6848 146.1582 142.6332 137.4288 123.2584 116.84201999999999 107.7844 91.89478 90.80698000000001 86.87979999999999 72.7346 66.87180000000001 64.4288 58.48339999999999 41.35419999999999 37.7424 34.428799999999995 22.857799999999997 166.0 166.0 170.1974 166.78828 170.1974 167.5823 166.0 169.8258 166.78828 170.1974 167.5823 166.0 169.8258 166.78828
48 168.2594 170.2834 167.90536 169.3356 167.08914 168.1336 167.5193 170.8354 170.3278 168.372 168.9644 170.1364 169.1244 170.158 168.1336 167.09366 168.9856 167.82336 168.1336 172.5694 168.575 158.0112 154.7888 145.1482 140.97312 135.1336 119.70226 120.88 108.95439999999999 94.54679999999999 93.459 87.2696 73.12440000000001 67.2618 62.1336 55.930679999999995 38.458 34.74636000000001 32.1336 21.41380000000001 166.0 166.0 167.3222 170.8262 167.3222 170.2342 171.391 166.0 170.8262 167.3222 170.2342 171.391 166.0 170.8262
49 169.309 166.93092 168.955 168.8672 170.4528 169.7284 169.887 167.53298 168.4634 169.2296 168.352 168.272 168.512 168.2936 169.7284 169.6032 170.8572 170.915 169.7284 169.443 171.9386 154.7089 156.9844 146.29579999999999 142.7708 136.7284 123.0658 119.0156 108.416 91.194312 90.10651999999999 86.65719999999999 72.512 66.64940000000001 63.72839999999999 58.88499999999999 40.65360000000001 37.042 33.72839999999999 22.157399999999996 166.0 166.0 169.4968 166.0 169.4968 166.88182 168.5306 169.6252 166.0 169.4968 166.88182 168.5306 169.6252 166.0
50 167.27094 170.2268 166.91682 169.357 167.46358 167.14506 168.1458 170.7788 170.2712 168.3934 168.986 170.0798 168.938 170.1014 167.14506 166.4401 168.442 168.1978 167.14506 172.5128 168.9494 157.9548 154.2452 145.0916 140.99458 134.14506 120.07660000000001 120.82339999999999 108.97579999999999 94.49019999999999 93.4024 87.083 72.93799999999999 67.0752 61.14506 56.55709999999999 37.9144 34.27181999999999 31.14506 20.84317999999999 166.0 166.0 166.0 170.7696 166.0 170.1776 171.3346 167.24112 170.7696 166.0 170.1776 171.3346 167.24112 170.7696
51 169.8522 168.186 169.498 170.2264 171.0778 170.2714 171.246 168.788 169.8224 170.58859999999999 169.7112 169.631 169.9812 169.6528 170.2714 170.1464 171.4002 171.8122 170.2714 170.69819999999999 172.5638 155.964 157.5276 147.765 144.0038 137.2714 123.691 120.37459999999999 109.775 93.8854 89.22468 88.12639999999999 73.9812 68.11840000000001 64.2714 59.919399999999996 41.196799999999996 37.585199999999986 34.2714 22.700400000000002 166.0 166.0 170.04 168.779 170.04 166.0 169.7858 170.2504 168.779 170.04 166.0 169.7858 170.2504 168.779
52 170.0096 167.1874 169.6554 168.2356 170.1852 170.4288 169.2554 166.79744 167.83182 168.598 167.72052 167.64042 168.7346 167.66208 170.4288 170.3038 171.5576 170.5134 170.4288 168.9194 172.131 153.97338 157.6848 146.1582 142.6332 137.4288 123.2584 116.84201999999999 107.7844 91.89478 90.80698000000001 86.87979999999999 72.7346 66.87180000000001 64.4288 58.48339999999999 41.35419999999999 37.7424 34.428799999999995 22.857799999999997 166.0 166.0 170.1974 166.78828 170.1974 167.5823 166.0 169.8258 166.78828 170.1974 167.5823 166.0 169.8258 166.78828
53 168.2594 170.2834 167.90536 169.3356 167.08914 168.1336 167.5193 170.8354 170.3278 168.372 168.9644 170.1364 169.1244 170.158 168.1336 167.09366 168.9856 167.82336 168.1336 172.5694 168.575 158.0112 154.7888 145.1482 140.97312 135.1336 119.70226 120.88 108.95439999999999 94.54679999999999 93.459 87.2696 73.12440000000001 67.2618 62.1336 55.930679999999995 38.458 34.74636000000001 32.1336 21.41380000000001 166.0 166.0 167.3222 170.8262 167.3222 170.2342 171.391 166.0 170.8262 167.3222 170.2342 171.391 166.0 170.8262
54 169.309 166.93092 168.955 168.8672 170.4528 169.7284 169.887 167.53298 168.4634 169.2296 168.352 168.272 168.512 168.2936 169.7284 169.6032 170.8572 170.915 169.7284 169.443 171.9386 154.7089 156.9844 146.29579999999999 142.7708 136.7284 123.0658 119.0156 108.416 91.194312 90.10651999999999 86.65719999999999 72.512 66.64940000000001 63.72839999999999 58.88499999999999 40.65360000000001 37.042 33.72839999999999 22.157399999999996 166.0 166.0 169.4968 166.0 169.4968 166.88182 168.5306 169.6252 166.0 169.4968 166.88182 168.5306 169.6252 166.0
;
param G:
 1 2 3 4 5 6 7 8 9 10 11 12 13 14 15 16 17 18 19 20 21 22 23 24 25 26 27 28 29 30 31 32 33 34 35 36 37 38 39 40 41 42 43 44 45 46 47 48 49 50 51 52 53 54:=
1 3.0 3.0 3.0 3.0 3.0 3.0 3.0 3.0 3.0 3.0 3.0 3.0 3.0 3.0 3.0 3.0 3.0 3.0 3.0 3.0 2.0 2.0 2.0 2.0 2.0 2.0 2.0 2.0 2.0 2.0 2.0 2.0 2.0 2.0 2.0 2.0 2.0 2.0 2.0 2.0 3.0 3.0 3.0 3.0 3.0 3.0 3.0 3.0 3.0 3.0 3.0 3.0 3.0 3.0
2 3.0 3.0 3.0 3.0 3.0 3.0 3.0 3.0 3.0 3.0 3.0 3.0 3.0 3.0 3.0 3.0 3.0 3.0 3.0 3.0 2.0 2.0 2.0 2.0 2.0 2.0 2.0 2.0 2.0 2.0 2.0 2.0 2.0 2.0 2.0 2.0 2.0 2.0 2.0 2.0 3.0 3.0 3.0 3.0 3.0 3.0 3.0 3.0 3.0 3.0 3.0 3.0 3.0 3.0
;
