param n := 18;
param numVehicles := 3;
set Origin := 37 39 40 41;
set O := 39 40 41;
param Ok := 1 39 2 40 3 41;
set S := 47 48 49 50 51;
set F := 38 42 43 44 45 46;
param t:
 1 2 3 4 5 6 7 8 9 10 11 12 13 14 15 16 17 18 19 20 21 22 23 24 25 26 27 28 29 30 31 32 33 34 35 36 37 38 39 40 41 42 43 44 45 46 47 48 49 50 51:=
1 0.0 1.5132 1.3774 2.2204 1.9666 0.87534 1.5071 0.50791 1.4393 1.8817 1.1285 0.60852 2.2319 1.2235 0.45237 1.1285 1.1285 0.31517 0.78925 2.2582 1.4917 2.2427 1.7799 1.2363 1.1965 0.86324 0.38056 1.6105 1.1285 0.44502 2.2806 1.4597 1.0189 1.1285 1.1285 1.1593 0.0 0.0 2.4982 1.9198 1.0035 0.72279 1.9198 2.4982 1.0035 2.2158 0.72279 1.9198 2.4982 1.0035 2.2158
2 2.3611 0.0 2.2413 0.9012 1.3664 1.8902 0.90694 2.0287 2.0182 1.2815 1.9989 1.9364 0.88772 2.5633 2.5922 1.9989 1.9989 2.591 2.0201 0.91399 0.8915 1.6425 1.8427 1.6192 1.7943 2.0631 2.6564 1.4594 1.9989 2.0772 1.7965 2.9616 2.1557 1.9989 1.9989 1.9242 0.0 0.0 1.4 0.57563 1.9474 1.8831 0.57563 1.4 1.9474 0.89663 1.8831 0.57563 1.4 1.9474 0.89663
3 1.1053 1.5913 0.0 2.1444 1.7606 1.4044 1.5852 1.037 2.2624 1.6757 1.8915 1.3716 2.0714 2.2835 1.2694 1.8915 1.8915 1.3752 0.8673 2.0452 1.5697 2.1667 1.4279 1.8634 1.8235 0.15529 1.4406 1.9036 1.8915 0.75441 1.5587 2.5198 1.6979 1.8915 1.8915 1.6574 0.0 0.0 1.8413 1.9978 1.6806 1.4858 1.9978 1.8413 1.6806 2.1398 1.4858 1.9978 1.8413 1.6806 2.1398
4 1.8632 0.85912 1.5613 0.0 0.68645 1.4572 0.853 1.7648 2.0682 0.60158 2.0249 1.9624 1.0328 2.6134 2.0273 2.0249 2.0249 2.1331 1.5872 1.0591 0.83757 0.96255 1.1628 1.6692 1.8204 1.3831 2.1985 1.2064 2.0249 1.5123 1.1165 3.0116 2.1818 2.0249 2.0249 1.6602 0.0 0.0 1.2181 1.2657 1.6834 1.9092 1.2657 1.2181 1.6834 0.93569 1.9092 1.2657 1.2181 1.6834 0.93569
5 1.3448 1.0758 1.043 1.3739 0.0 0.93889 1.0697 1.2465 1.7469 0.89223 1.5126 1.4501 1.4664 2.292 1.5089 1.5126 1.5126 1.6147 1.0688 1.4927 1.0542 1.3962 0.64441 1.3479 1.308 0.86479 1.6801 1.3881 1.5126 0.99391 1.3382 2.6873 1.6694 1.5126 1.5126 1.1419 0.0 0.0 1.6208 1.4823 1.1651 1.3969 1.4823 1.6208 1.1651 1.3693 1.3969 1.4823 1.6208 1.1651 1.3693
6 0.61437 1.4123 1.2765 2.1195 1.8657 0.0 1.4062 0.54602 1.8714 1.7808 1.4006 0.88063 2.131 1.7926 0.77848 1.4006 1.4006 0.88428 0.68836 2.1573 1.3908 2.1418 1.679 1.5085 1.4686 0.76236 0.94968 1.6487 1.4006 0.26348 2.2587 2.0288 1.207 1.4006 1.4006 1.3474 0.0 0.0 2.3973 1.8189 1.1916 0.9949 1.8189 2.3973 1.1916 2.1149 0.9949 1.8189 2.3973 1.1916 2.1149
7 2.3672 0.0061122 2.2474 0.90732 1.3725 1.8963 0.0 2.0349 2.0243 1.2876 2.005 1.9425 0.89383 2.5694 2.5983 2.005 2.005 2.5971 2.0262 0.9201 0.89762 1.6486 1.8488 1.6253 1.8004 2.0692 2.6625 1.4655 2.005 2.0833 1.8026 2.9677 2.1618 2.005 2.005 1.9303 0.0 0.0 1.4062 0.58174 1.9535 1.8893 0.58174 1.4062 1.9535 0.90274 1.8893 0.58174 1.4062 1.9535 0.90274
8 0.45718 1.8711 1.7354 2.5783 2.3245 1.2333 1.865 0.0 1.6213 2.2396 1.3104 0.79044 2.5898 1.4054 0.82429 1.3104 1.3104 0.68709 1.1472 2.6161 1.8496 2.6006 2.1378 1.4183 1.3784 1.2212 0.75249 1.9685 1.3104 0.80295 2.6385 1.6416 1.2008 1.3104 1.3104 1.3412 0.0 0.0 2.8561 2.2777 1.1854 0.90471 2.2777 2.8561 1.1854 2.5737 0.90471 2.2777 2.8561 1.1854 2.5737
9 1.0225 2.1195 2.3007 2.8266 2.5728 1.5996 2.1134 1.1502 0.0 2.488 0.78677 0.8588 2.8382 0.83774 1.3897 0.78677 0.78677 1.2525 1.7125 2.8644 2.098 2.8489 2.7031 0.75663 0.95178 1.7865 1.3178 2.2278 0.78677 1.3683 3.0029 1.074 1.3682 0.78677 0.78677 1.5086 0.0 0.0 3.1045 2.5261 1.3528 0.97307 2.5261 3.1045 1.3528 2.8221 0.97307 2.5261 3.1045 1.3528 2.8221
10 1.6844 0.37736 1.7056 1.0845 0.83069 1.1555 0.37124 1.352 1.5865 0.0 1.5432 1.4807 1.096 2.1316 1.8575 1.5432 1.5432 1.9143 1.2854 1.1223 0.35581 1.1068 1.307 1.1875 1.3386 1.5274 1.9797 0.72468 1.5432 1.3425 1.2608 2.5299 1.7 1.5432 1.5432 1.2475 0.0 0.0 1.3623 0.78393 1.2707 1.4274 0.78393 1.3623 1.2707 1.0799 1.4274 0.78393 1.3623 1.2707 1.0799
11 1.1375 1.645 1.7947 2.3522 2.0983 1.0766 1.6389 0.91114 0.68112 2.0135 0.0 0.62575 2.3637 1.2262 1.5046 0.0 0.0 1.3674 1.2065 2.3899 1.6235 2.3744 2.1971 0.28214 0.20455 1.6165 1.4328 1.7468 0.0 1.1643 2.5284 1.466 0.8451 0.0 0.0 0.98555 0.0 0.0 2.63 2.0516 0.82975 0.57253 2.0516 2.63 0.82975 2.3476 0.57253 2.0516 2.63 0.82975 2.3476
12 0.61752 1.7355 1.6387 2.4426 2.1888 0.92061 1.7294 0.41117 1.0966 2.1039 0.62575 0.0 2.4541 1.1067 0.98463 0.62575 0.62575 0.84743 1.0505 2.4804 1.7139 2.4649 2.0411 0.73361 0.69376 1.2595 0.91282 1.5908 0.62575 0.66428 2.6189 1.343 0.68913 0.62575 0.62575 0.82958 0.0 0.0 2.7205 2.1421 0.67378 0.22005 2.1421 2.7205 0.67378 2.4381 0.22005 2.1421 2.7205 0.67378 2.4381
13 2.3239 1.3198 2.0221 0.62999 1.1472 1.918 1.3137 2.2255 2.465 1.0623 2.4457 2.3831 0.0 3.0101 2.488 2.4457 2.4457 2.5938 2.0479 0.026273 1.2983 0.88177 1.415 2.066 2.2411 1.8439 2.6592 1.6672 2.4457 1.973 1.2647 3.4083 2.6025 2.4457 2.4457 2.1209 0.0 0.0 0.55633 0.69842 2.1441 2.3299 0.69842 0.55633 2.1441 0.62541 2.3299 0.69842 0.55633 2.1441 0.62541
14 1.2595 2.3624 2.5376 3.0696 2.8157 1.8425 2.3563 1.3871 0.94152 2.7309 1.0297 1.0957 3.0811 0.0 1.3906 1.0297 1.0297 1.2534 1.9494 3.1073 2.3409 3.0918 2.9401 0.99954 1.1947 2.0234 1.3188 2.4707 1.0297 1.6052 3.2458 0.67291 1.6111 1.0297 1.0297 1.7515 0.0 0.0 3.3474 2.769 1.5957 1.21 2.769 3.3474 1.5957 3.065 1.21 2.769 3.3474 1.5957 3.065
15 0.99789 2.4658 2.3301 3.173 2.9192 1.828 2.4597 1.4605 2.327 2.8343 2.0161 1.4961 3.1845 1.9337 0.0 2.0161 2.0161 0.7458 1.7419 3.2108 2.4443 3.1953 2.7325 2.124 2.0841 1.8159 0.81119 2.5632 2.0161 1.3977 3.2333 1.5433 1.9065 2.0161 2.0161 2.0469 0.0 0.0 3.4508 2.8724 1.8911 1.6104 2.8724 3.4508 1.8911 3.1684 1.6104 2.8724 3.4508 1.8911 3.1684
16 1.1375 1.645 1.7947 2.3522 2.0983 1.0766 1.6389 0.91114 0.68112 2.0135 0.0 0.62575 2.3637 1.2262 1.5046 0.0 0.0 1.3674 1.2065 2.3899 1.6235 2.3744 2.1971 0.28214 0.20455 1.6165 1.4328 1.7468 0.0 1.1643 2.5284 1.466 0.8451 0.0 0.0 0.98555 0.0 0.0 2.63 2.0516 0.82975 0.57253 2.0516 2.63 0.82975 2.3476 0.57253 2.0516 2.63 0.82975 2.3476
17 1.1375 1.645 1.7947 2.3522 2.0983 1.0766 1.6389 0.91114 0.68112 2.0135 0.0 0.62575 2.3637 1.2262 1.5046 0.0 0.0 1.3674 1.2065 2.3899 1.6235 2.3744 2.1971 0.28214 0.20455 1.6165 1.4328 1.7468 0.0 1.1643 2.5284 1.466 0.8451 0.0 0.0 0.98555 0.0 0.0 2.63 2.0516 0.82975 0.57253 2.0516 2.63 0.82975 2.3476 0.57253 2.0516 2.63 0.82975 2.3476
18 0.31517 1.7831 1.6473 2.4903 2.2365 1.1453 1.777 0.77782 1.7092 2.1516 1.3984 0.87843 2.5018 1.4934 0.20028 1.3984 1.3984 0.0 1.0592 2.5281 1.7616 2.5126 2.0498 1.5063 1.4664 1.1332 0.12847 1.8804 1.3984 0.71493 2.5505 1.4026 1.2888 1.3984 1.3984 1.4292 0.0 0.0 2.7681 2.1897 1.2734 0.9927 2.1897 2.7681 1.2734 2.4857 0.9927 2.1897 2.7681 1.2734 2.4857
19 0.94832 1.4343 0.64649 1.8544 1.4576 1.2474 1.4282 0.87997 2.1054 1.3727 1.7345 1.2146 1.9469 2.1265 1.1124 1.7345 1.7345 1.2182 0.0 1.9732 1.4127 1.8767 1.1249 1.7064 1.6666 0.4683 1.2836 1.7466 1.7345 0.59742 1.6287 2.3628 1.5409 1.7345 1.7345 1.5004 0.0 0.0 1.9113 1.8409 1.5236 1.3288 1.8409 1.9113 1.5236 1.8498 1.3288 1.8409 1.9113 1.5236 1.8498
20 2.3502 1.3461 2.0463 0.65626 1.1734 1.9442 1.34 2.2518 2.4912 1.0886 2.4719 2.4094 0.026273 3.0363 2.5143 2.4719 2.4719 2.6201 2.0741 0.0 1.3246 0.8555 1.3887 2.0922 2.2674 1.8701 2.6855 1.6934 2.4719 1.9993 1.2385 3.4346 2.6288 2.4719 2.4719 2.1472 0.0 0.0 0.53006 0.72469 2.1704 2.3562 0.72469 0.53006 2.1704 0.65168 2.3562 0.72469 0.53006 2.1704 0.65168
21 1.7729 0.76884 1.4711 0.84999 0.59617 1.367 0.76273 1.6745 1.978 0.5113 1.9347 1.8721 0.9425 2.5231 1.937 1.9347 1.9347 2.0428 1.4969 0.96877 0.0 0.87228 1.0725 1.579 1.7301 1.2929 2.1082 1.1162 1.9347 1.422 1.0262 2.9213 2.0915 1.9347 1.9347 1.5699 0.0 0.0 1.1278 1.1754 1.5931 1.8189 1.1754 1.1278 1.5931 0.84541 1.8189 1.1754 1.1278 1.5931 0.84541
22 2.2445 1.2404 1.9427 0.5506 1.0678 1.8386 1.2343 2.1461 2.3856 0.98291 2.3663 2.3038 0.14711 2.9307 2.4086 2.3663 2.3663 2.5144 1.9685 0.17339 1.2189 0.0 1.5181 1.9866 2.1617 1.7645 2.5798 1.5878 2.3663 1.8936 1.3679 3.329 2.5231 2.3663 2.3663 2.0416 0.0 0.0 0.65944 0.61903 2.0648 2.2505 0.61903 0.65944 2.0648 0.54602 2.2505 0.61903 0.65944 2.0648 0.54602
23 2.2234 1.2194 1.5566 1.3345 1.0467 1.8175 1.2133 2.1251 2.4285 0.96183 2.3852 2.3227 1.2615 2.9736 2.3875 2.3852 2.3852 2.4933 1.9474 1.2353 1.1978 1.3568 0.0 2.0295 2.1807 1.6344 2.5587 1.5667 2.3852 1.8725 0.74877 3.3719 2.542 2.3852 2.3852 2.0205 0.0 0.0 1.0314 1.6259 2.0437 2.2695 1.6259 1.0314 2.0437 1.3299 2.2695 1.6259 1.0314 2.0437 1.3299
24 1.3463 1.4183 2.0555 2.1255 1.8716 1.3374 1.4122 1.172 0.45442 1.7868 0.52458 0.88661 2.137 0.99954 1.7135 0.52458 0.52458 1.5763 1.4673 2.1632 1.3968 2.1477 2.2249 0.0 0.68959 1.8773 1.6417 1.5266 0.52458 1.4251 2.3017 1.3978 1.106 0.52458 0.52458 1.2464 0.0 0.0 2.4033 1.8249 1.0906 0.83339 1.8249 2.4033 1.0906 2.1209 0.83339 1.8249 2.4033 1.0906 2.1209
25 1.3025 1.4405 1.9597 2.1476 1.8938 1.2416 1.4343 1.0761 0.47657 1.8089 0.20455 0.79076 2.1591 1.0217 1.6696 0.20455 0.20455 1.5324 1.3715 2.1854 1.4189 2.1699 2.2471 0.077587 0.0 1.7815 1.5978 1.5488 0.20455 1.3293 2.3239 1.42 1.0101 0.20455 0.20455 1.1506 0.0 0.0 2.4254 1.847 0.99476 0.73754 1.847 2.4254 0.99476 2.143 0.73754 1.847 2.4254 0.99476 2.143
26 0.99324 1.4792 0.83742 2.0454 1.6485 1.2923 1.4731 0.92489 2.1503 1.5637 1.7795 1.2595 2.1174 2.1714 1.1574 1.7795 1.7795 1.2632 0.75524 2.0911 1.4577 2.0676 1.3158 1.7513 1.7115 0.0 1.3285 1.7915 1.7795 0.64235 1.6046 2.4077 1.5859 1.7795 1.7795 1.5453 0.0 0.0 1.8872 1.8858 1.5685 1.3738 1.8858 1.8872 1.5685 2.0408 1.3738 1.8858 1.8872 1.5685 2.0408
27 1.0554 2.5234 2.3876 3.2305 2.9767 1.8855 2.5172 1.518 2.3845 2.8918 2.0736 1.5537 3.242 1.9912 0.1335 2.0736 2.0736 0.8033 1.7994 3.2683 2.5018 3.2528 2.79 2.1815 2.1416 1.8734 0.0 2.6207 2.0736 1.4552 3.2908 1.6009 1.964 2.0736 2.0736 2.1045 0.0 0.0 3.5083 2.9299 1.9487 1.6679 2.9299 3.5083 1.9487 3.2259 1.6679 2.9299 3.5083 1.9487 3.2259
28 1.0148 1.3308 1.195 2.0379 1.7841 0.47692 1.3247 0.78449 1.2849 1.6993 1.0506 0.9881 2.0495 1.83 1.1789 1.0506 1.0506 1.2847 0.60683 2.0757 1.3092 2.0602 1.5974 0.88592 0.84608 1.0168 1.3501 0.0 1.0506 0.66394 2.1772 2.2253 1.2074 1.0506 1.0506 0.6799 0.0 0.0 2.3158 1.7374 0.7031 0.93488 1.7374 2.3158 0.7031 2.0334 0.93488 1.7374 2.3158 0.7031 2.0334
29 1.1375 1.645 1.7947 2.3522 2.0983 1.0766 1.6389 0.91114 0.68112 2.0135 0.0 0.62575 2.3637 1.2262 1.5046 0.0 0.0 1.3674 1.2065 2.3899 1.6235 2.3744 2.1971 0.28214 0.20455 1.6165 1.4328 1.7468 0.0 1.1643 2.5284 1.466 0.8451 0.0 0.0 0.98555 0.0 0.0 2.63 2.0516 0.82975 0.57253 2.0516 2.63 0.82975 2.3476 0.57253 2.0516 2.63 0.82975 2.3476
30 0.44502 1.2923 1.1565 1.9995 1.7457 0.69711 1.2862 0.32967 1.6551 1.6608 1.1843 0.66428 2.011 1.6102 0.65847 1.1843 1.1843 0.71493 0.56836 2.0373 1.2708 2.0218 1.559 1.2921 1.2523 0.64235 0.78033 1.4323 1.1843 0.0 2.1387 1.8465 0.99063 1.1843 1.1843 1.1311 0.0 0.0 2.2773 1.6989 0.97528 0.77855 1.6989 2.2773 0.97528 1.9949 0.77855 1.6989 2.2773 0.97528 1.9949
31 1.7267 1.3896 0.88283 1.5048 1.2169 1.3207 1.3835 1.6283 2.1287 1.1321 1.8944 1.8319 1.4318 2.6738 1.8908 1.8944 1.8944 1.9966 1.4506 1.4055 1.3681 1.527 0.22526 1.7297 1.6899 0.96064 2.062 1.7369 1.8944 1.3758 0.0 3.0691 2.0513 1.8944 1.8944 1.5237 0.0 0.0 1.2016 1.7962 1.5469 1.7787 1.7962 1.2016 1.5469 1.5002 1.7787 1.7962 1.2016 1.5469 1.5002
32 1.4577 2.6537 2.7359 3.3608 3.107 2.1088 2.6475 1.5853 1.2328 3.0221 1.3209 1.294 3.3723 1.0169 1.5098 1.3209 1.3209 1.3726 2.1477 3.3986 2.6321 3.3831 3.1383 1.2908 1.4859 2.2217 1.438 2.762 1.3209 1.8035 3.5371 0.0 1.8773 1.3209 1.3209 2.0178 0.0 0.0 3.6386 3.0602 1.862 1.4082 3.0602 3.6386 1.862 3.3562 1.4082 3.0602 3.6386 1.862 3.3562
33 1.0924 1.4264 1.7496 2.1335 1.8797 1.0315 1.4203 0.86608 0.8775 1.7949 0.64322 0.58069 2.1451 1.4226 1.4595 0.64322 0.64322 1.3223 1.1614 2.1713 1.4048 2.1558 1.78 0.47852 0.43867 1.5714 1.3877 1.0817 0.64322 1.1192 2.3098 1.8179 0.0 0.64322 0.64322 0.27249 0.0 0.0 2.4114 1.833 0.78469 0.52748 1.833 2.4114 0.78469 2.129 0.52748 1.833 2.4114 0.78469 2.129
34 1.1375 1.645 1.7947 2.3522 2.0983 1.0766 1.6389 0.91114 0.68112 2.0135 0.0 0.62575 2.3637 1.2262 1.5046 0.0 0.0 1.3674 1.2065 2.3899 1.6235 2.3744 2.1971 0.28214 0.20455 1.6165 1.4328 1.7468 0.0 1.1643 2.5284 1.466 0.8451 0.0 0.0 0.98555 0.0 0.0 2.63 2.0516 0.82975 0.57253 2.0516 2.63 0.82975 2.3476 0.57253 2.0516 2.63 0.82975 2.3476
35 1.1375 1.645 1.7947 2.3522 2.0983 1.0766 1.6389 0.91114 0.68112 2.0135 0.0 0.62575 2.3637 1.2262 1.5046 0.0 0.0 1.3674 1.2065 2.3899 1.6235 2.3744 2.1971 0.28214 0.20455 1.6165 1.4328 1.7468 0.0 1.1643 2.5284 1.466 0.8451 0.0 0.0 0.98555 0.0 0.0 2.63 2.0516 0.82975 0.57253 2.0516 2.63 0.82975 2.3476 0.57253 2.0516 2.63 0.82975 2.3476
36 1.2313 1.2193 1.7825 1.9264 1.6726 1.0644 1.2132 0.89896 1.2794 1.5877 1.1651 1.1026 1.9379 1.8245 1.5984 1.1651 1.1651 1.4612 1.1943 1.9642 1.1977 1.9487 1.5729 0.8804 0.96056 1.6043 1.5266 0.87459 1.1651 1.1521 2.1027 2.2228 1.3219 1.1651 1.1651 0.0 0.0 0.0 2.2043 1.6259 0.81758 1.0494 1.6259 2.2043 0.81758 1.9218 1.0494 1.6259 2.2043 0.81758 1.9218
37 0.0 0.0 0.0 0.0 0.0 0.0 0.0 0.0 0.0 0.0 0.0 0.0 0.0 0.0 0.0 0.0 0.0 0.0 0.0 0.0 0.0 0.0 0.0 0.0 0.0 0.0 0.0 0.0 0.0 0.0 0.0 0.0 0.0 0.0 0.0 0.0 0.0 0.0 0.0 0.0 0.0 0.0 0.0 0.0 0.0 0.0 0.0 0.0 0.0 0.0 0.0
38 0.0 0.0 0.0 0.0 0.0 0.0 0.0 0.0 0.0 0.0 0.0 0.0 0.0 0.0 0.0 0.0 0.0 0.0 0.0 0.0 0.0 0.0 0.0 0.0 0.0 0.0 0.0 0.0 0.0 0.0 0.0 0.0 0.0 0.0 0.0 0.0 0.0 0.0 0.0 0.0 0.0 0.0 0.0 0.0 0.0 0.0 0.0 0.0 0.0 0.0 0.0
39 2.0926 1.0886 1.7908 0.39872 0.91591 1.6867 1.0825 1.9943 2.2337 0.83104 2.2144 2.1519 0.49124 2.7788 2.2567 2.2144 2.2144 2.3625 1.8166 0.51751 1.067 0.42101 1.3922 1.8347 2.0099 1.6126 2.4279 1.4359 2.2144 1.7417 1.346 3.1771 2.3712 2.2144 2.2144 1.8897 0.0 0.0 0.0 0.79115 1.9129 2.0987 0.79115 0.0 1.9129 0.39414 2.0987 0.79115 0.0 1.9129 0.39414
40 2.5389 1.5129 2.7861 1.394 1.9112 2.372 1.5068 2.2066 2.155 1.8264 2.1357 2.0732 1.3806 2.7001 2.9061 2.1357 2.1357 2.7688 2.5019 1.4068 1.4914 2.1873 2.3875 1.756 1.9312 2.6079 2.8342 2.0592 2.1357 2.4597 2.3413 3.0984 2.2926 2.1357 2.1357 2.102 0.0 0.0 1.8929 0.0 2.1252 2.02 0.0 1.8929 2.1252 1.3895 2.02 0.0 1.8929 2.1252 1.3895
41 0.54457 1.7105 1.5747 2.4177 2.1639 0.89566 1.7044 0.21222 1.5376 2.079 1.0668 0.54683 2.4292 1.4928 0.91168 1.0668 1.0668 0.77448 0.98656 2.4555 1.689 2.44 1.9772 1.1747 1.1348 1.0606 0.83988 1.6309 1.0668 0.46534 2.5569 1.729 0.87318 1.0668 1.0668 1.0136 0.0 0.0 2.6955 2.1171 0.0 0.6611 2.1171 2.6955 0.0 2.4131 0.6611 2.1171 2.6955 0.0 2.4131
42 0.73179 1.6823 1.5855 2.3894 2.1356 0.86739 1.6761 0.52544 1.0794 2.0507 0.57253 0.22005 2.4009 1.221 1.0989 0.57253 0.57253 0.9617 0.99729 2.4272 1.6607 2.4117 1.9879 0.68039 0.64054 1.3738 1.0271 1.5376 0.57253 0.77855 2.5657 1.4572 0.63591 0.57253 0.57253 0.77636 0.0 0.0 2.6673 2.0888 0.62056 0.0 2.0888 2.6673 0.62056 2.3848 0.0 2.0888 2.6673 0.62056 2.3848
43 2.5389 1.5129 2.7861 1.394 1.9112 2.372 1.5068 2.2066 2.155 1.8264 2.1357 2.0732 1.3806 2.7001 2.9061 2.1357 2.1357 2.7688 2.5019 1.4068 1.4914 2.1873 2.3875 1.756 1.9312 2.6079 2.8342 2.0592 2.1357 2.4597 2.3413 3.0984 2.2926 2.1357 2.1357 2.102 0.0 0.0 1.8929 0.0 2.1252 2.02 0.0 1.8929 2.1252 1.3895 2.02 0.0 1.8929 2.1252 1.3895
44 2.0926 1.0886 1.7908 0.39872 0.91591 1.6867 1.0825 1.9943 2.2337 0.83104 2.2144 2.1519 0.49124 2.7788 2.2567 2.2144 2.2144 2.3625 1.8166 0.51751 1.067 0.42101 1.3922 1.8347 2.0099 1.6126 2.4279 1.4359 2.2144 1.7417 1.346 3.1771 2.3712 2.2144 2.2144 1.8897 0.0 0.0 0.0 0.79115 1.9129 2.0987 0.79115 0.0 1.9129 0.39414 2.0987 0.79115 0.0 1.9129 0.39414
45 0.54457 1.7105 1.5747 2.4177 2.1639 0.89566 1.7044 0.21222 1.5376 2.079 1.0668 0.54683 2.4292 1.4928 0.91168 1.0668 1.0668 0.77448 0.98656 2.4555 1.689 2.44 1.9772 1.1747 1.1348 1.0606 0.83988 1.6309 1.0668 0.46534 2.5569 1.729 0.87318 1.0668 1.0668 1.0136 0.0 0.0 2.6955 2.1171 0.0 0.6611 2.1171 2.6955 0.0 2.4131 0.6611 2.1171 2.6955 0.0 2.4131
46 2.2264 0.77833 2.1066 0.76649 1.2317 1.7555 0.77222 1.894 1.8834 1.1468 1.8642 1.8016 0.753 2.4286 2.4575 1.8642 1.8642 2.4563 1.8854 0.77927 0.75679 1.5078 1.708 1.4845 1.6596 1.9284 2.5217 1.3247 1.8642 1.9425 1.6617 2.8268 2.021 1.8642 1.8642 1.7894 0.0 0.0 1.2653 0.44091 1.8126 1.7484 0.44091 1.2653 1.8126 0.0 1.7484 0.44091 1.2653 1.8126 0.0
47 0.73179 1.6823 1.5855 2.3894 2.1356 0.86739 1.6761 0.52544 1.0794 2.0507 0.57253 0.22005 2.4009 1.221 1.0989 0.57253 0.57253 0.9617 0.99729 2.4272 1.6607 2.4117 1.9879 0.68039 0.64054 1.3738 1.0271 1.5376 0.57253 0.77855 2.5657 1.4572 0.63591 0.57253 0.57253 0.77636 0.0 0.0 2.6673 2.0888 0.62056 0.0 2.0888 2.6673 0.62056 2.3848 0.0 2.0888 2.6673 0.62056 2.3848
48 2.5389 1.5129 2.7861 1.394 1.9112 2.372 1.5068 2.2066 2.155 1.8264 2.1357 2.0732 1.3806 2.7001 2.9061 2.1357 2.1357 2.7688 2.5019 1.4068 1.4914 2.1873 2.3875 1.756 1.9312 2.6079 2.8342 2.0592 2.1357 2.4597 2.3413 3.0984 2.2926 2.1357 2.1357 2.102 0.0 0.0 1.8929 0.0 2.1252 2.02 0.0 1.8929 2.1252 1.3895 2.02 0.0 1.8929 2.1252 1.3895
49 2.0926 1.0886 1.7908 0.39872 0.91591 1.6867 1.0825 1.9943 2.2337 0.83104 2.2144 2.1519 0.49124 2.7788 2.2567 2.2144 2.2144 2.3625 1.8166 0.51751 1.067 0.42101 1.3922 1.8347 2.0099 1.6126 2.4279 1.4359 2.2144 1.7417 1.346 3.1771 2.3712 2.2144 2.2144 1.8897 0.0 0.0 0.0 0.79115 1.9129 2.0987 0.79115 0.0 1.9129 0.39414 2.0987 0.79115 0.0 1.9129 0.39414
50 0.54457 1.7105 1.5747 2.4177 2.1639 0.89566 1.7044 0.21222 1.5376 2.079 1.0668 0.54683 2.4292 1.4928 0.91168 1.0668 1.0668 0.77448 0.98656 2.4555 1.689 2.44 1.9772 1.1747 1.1348 1.0606 0.83988 1.6309 1.0668 0.46534 2.5569 1.729 0.87318 1.0668 1.0668 1.0136 0.0 0.0 2.6955 2.1171 0.0 0.6611 2.1171 2.6955 0.0 2.4131 0.6611 2.1171 2.6955 0.0 2.4131
51 2.2264 0.77833 2.1066 0.76649 1.2317 1.7555 0.77222 1.894 1.8834 1.1468 1.8642 1.8016 0.753 2.4286 2.4575 1.8642 1.8642 2.4563 1.8854 0.77927 0.75679 1.5078 1.708 1.4845 1.6596 1.9284 2.5217 1.3247 1.8642 1.9425 1.6617 2.8268 2.021 1.8642 1.8642 1.7894 0.0 0.0 1.2653 0.44091 1.8126 1.7484 0.44091 1.2653 1.8126 0.0 1.7484 0.44091 1.2653 1.8126 0.0
;
param arr := 1 0.0 2 0.0 3 0.0 4 0.0 5 0.0 6 0.0 7 0.0 8 0.0 9 0.0 10 0.0 11 0.0 12 0.0 13 0.0 14 0.0 15 0.0 16 0.0 17 0.0 18 0.0 19 0.0 20 2.0 21 9.0 22 23.0 23 34.0 24 45.0 25 46.0 26 50.0 27 51.0 28 75.0 29 79.0 30 84.0 31 103.0 32 104.0 33 106.0 34 109.0 35 134.0 36 135.0 37 0.0 38 0.0 39 0.0 40 0.0 41 0.0 42 0.0 43 0.0 44 0.0 45 0.0 46 0.0 47 0.0 48 0.0 49 0.0 50 0.0 51 0.0;
param dep := 1 161.0 2 161.0 3 161.0 4 161.0 5 161.0 6 161.0 7 161.0 8 161.0 9 161.0 10 161.0 11 161.0 12 161.0 13 161.0 14 161.0 15 161.0 16 161.0 17 161.0 18 161.0 19 15.0 20 17.0 21 24.0 22 38.0 23 49.0 24 60.0 25 61.0 26 65.0 27 86.0 28 90.0 29 94.0 30 99.0 31 118.0 32 119.0 33 121.0 34 124.0 35 149.0 36 157.0 37 161.0 38 161.0 39 161.0 40 161.0 41 161.0 42 161.0 43 161.0 44 161.0 45 161.0 46 161.0 47 161.0 48 161.0 49 161.0 50 161.0 51 161.0;
param d := 1 0.5 2 0.5 3 0.5 4 0.5 5 0.5 6 0.5 7 0.5 8 0.5 9 0.5 10 0.5 11 0.5 12 0.5 13 0.5 14 0.5 15 0.5 16 0.5 17 0.5 18 0.5 19 0.5 20 0.5 21 0.5 22 0.5 23 0.5 24 0.5 25 0.5 26 0.5 27 0.5 28 0.5 29 0.5 30 0.5 31 0.5 32 0.5 33 0.5 34 0.5 35 0.5 36 0.5 37 0.0 38 0.0 39 0.0 40 0.0 41 0.0 42 0.0 43 0.0 44 0.0 45 0.0 46 0.0 47 0.0 48 0.0 49 0.0 50 0.0 51 0.0;
param l := 1 1.0 2 1.0 3 1.0 4 1.0 5 1.0 6 1.0 7 1.0 8 1.0 9 1.0 10 1.0 11 1.0 12 1.0 13 1.0 14 1.0 15 1.0 16 1.0 17 1.0 18 1.0 19 -1.0 20 -1.0 21 -1.0 22 -1.0 23 -1.0 24 -1.0 25 -1.0 26 -1.0 27 -1.0 28 -1.0 29 -1.0 30 -1.0 31 -1.0 32 -1.0 33 -1.0 34 -1.0 35 -1.0 36 -1.0 37 0.0 38 0.0 39 0.0 40 0.0 41 0.0 42 0.0 43 0.0 44 0.0 45 0.0 46 0.0 47 0.0 48 0.0 49 0.0 50 0.0 51 0.0;
param u := 1 8 2 8 3 8 4 8 5 8 6 8 7 8 8 8 9 8 10 8 11 8 12 8 13 8 14 8 15 8 16 8 17 8 18 8;
param c := 1 3 2 3 3 3;
param Q := 3.5;
param Binit := 1 3.5 2 3.5 3 3.5;
param r := 0.0;
param beta:
 1 2 3 4 5 6 7 8 9 10 11 12 13 14 15 16 17 18 19 20 21 22 23 24 25 26 27 28 29 30 31 32 33 34 35 36 37 38 39 40 41 42 43 44 45 46 47 48 49 50 51:=
1 0.0 0.10819379999999999 0.09848409999999999 0.1587586 0.14061189999999998 0.06258680999999999 0.10775765 0.036315564999999994 0.10290995 0.13454154999999998 0.08068775 0.043509179999999995 0.15958085 0.08748025 0.032344454999999994 0.08068775 0.08068775 0.022534654999999997 0.056431375 0.16146129999999997 0.10665654999999999 0.16035305 0.12726284999999998 0.08839544999999999 0.08554974999999998 0.06172166 0.027210039999999998 0.11515075 0.08068775 0.03181893 0.1630629 0.10436854999999999 0.07285134999999998 0.08068775 0.08068775 0.08288994999999999 0.0 0.0 0.1786213 0.1372657 0.07175025 0.051679485 0.1372657 0.1786213 0.07175025 0.1584297 0.051679485 0.1372657 0.1786213 0.07175025 0.1584297
2 0.16881865 0.0 0.16025294999999998 0.0644358 0.0976976 0.1351493 0.06484620999999999 0.14505205 0.1443013 0.09162725 0.14292134999999997 0.13845259999999998 0.06347198 0.18327594999999997 0.1853423 0.14292134999999997 0.14292134999999997 0.1852565 0.14443715 0.065350285 0.06374224999999999 0.11743875 0.13175304999999998 0.1157728 0.12829245 0.14751165 0.18993259999999998 0.1043471 0.14292134999999997 0.14851979999999998 0.12844975 0.21175439999999995 0.15413254999999998 0.14292134999999997 0.14292134999999997 0.1375803 0.0 0.0 0.10009999999999998 0.041157545 0.13923909999999998 0.13464165 0.041157545 0.10009999999999998 0.13923909999999998 0.064109045 0.13464165 0.041157545 0.10009999999999998 0.13923909999999998 0.064109045
3 0.07902894999999999 0.11377794999999999 0.0 0.1533246 0.1258829 0.10041459999999999 0.11334179999999999 0.07414549999999999 0.16176159999999998 0.11981254999999999 0.13524224999999998 0.09806939999999999 0.1481051 0.16327025 0.0907621 0.13524224999999998 0.13524224999999998 0.09832679999999999 0.06201194999999999 0.1462318 0.11223355 0.15491905 0.10209484999999999 0.1332331 0.13038024999999998 0.011103235 0.1030029 0.1361074 0.13524224999999998 0.053940314999999996 0.11144704999999999 0.18016569999999998 0.12139984999999999 0.13524224999999998 0.13524224999999998 0.11850409999999999 0.0 0.0 0.13165295 0.1428427 0.1201629 0.10623469999999999 0.1428427 0.13165295 0.1201629 0.15299569999999998 0.10623469999999999 0.1428427 0.13165295 0.1201629 0.15299569999999998
4 0.1332188 0.061427079999999995 0.11163294999999998 0.0 0.049081175 0.1041898 0.060989499999999995 0.1261832 0.1478763 0.04301297 0.14478035 0.14031159999999998 0.07384519999999999 0.18685809999999997 0.14495194999999997 0.14478035 0.14478035 0.15251665 0.11348479999999998 0.07572564999999999 0.059886255 0.06882232499999999 0.0831402 0.11934779999999999 0.13015859999999999 0.09889165 0.15719275 0.08625759999999999 0.14478035 0.10812944999999999 0.07982974999999999 0.21532939999999998 0.1559987 0.14478035 0.14478035 0.11870429999999998 0.0 0.0 0.08709415 0.09049755 0.12036309999999999 0.13650779999999998 0.09049755 0.08709415 0.12036309999999999 0.06690183499999999 0.13650779999999998 0.09049755 0.08709415 0.12036309999999999 0.06690183499999999
5 0.0961532 0.0769197 0.07457449999999999 0.09823384999999998 0.0 0.067130635 0.07648355 0.08912474999999999 0.12490334999999998 0.06379444499999999 0.10815089999999998 0.10368214999999999 0.10484759999999999 0.16387799999999997 0.10788634999999998 0.10815089999999998 0.10815089999999998 0.11545104999999999 0.07641919999999999 0.10672804999999999 0.07537529999999999 0.0998283 0.046075315 0.09637485 0.093522 0.06183248499999999 0.12012714999999999 0.09924914999999998 0.10815089999999998 0.071064565 0.0956813 0.19214194999999998 0.11936209999999998 0.10815089999999998 0.10815089999999998 0.08164584999999999 0.0 0.0 0.1158872 0.10598445 0.08330465 0.09987834999999999 0.10598445 0.1158872 0.08330465 0.09790494999999999 0.09987834999999999 0.10598445 0.1158872 0.08330465 0.09790494999999999
6 0.043927455 0.10097945 0.09126975 0.15154425 0.13339754999999998 0.0 0.10054329999999999 0.039040429999999994 0.13380509999999998 0.12732719999999997 0.10014289999999999 0.062965045 0.15236649999999996 0.12817089999999998 0.05566131999999999 0.10014289999999999 0.10014289999999999 0.06322602 0.049217739999999996 0.15424695 0.0994422 0.1531387 0.12004849999999999 0.10785774999999999 0.10500489999999998 0.05450874 0.06790212 0.11788204999999999 0.10014289999999999 0.01883882 0.16149705 0.14505919999999997 0.0863005 0.10014289999999999 0.10014289999999999 0.09633909999999998 0.0 0.0 0.17140694999999997 0.13005134999999998 0.0851994 0.07113535 0.13005134999999998 0.17140694999999997 0.0851994 0.15121535 0.07113535 0.13005134999999998 0.17140694999999997 0.0851994 0.15121535
7 0.16925479999999998 4.3702229999999996E-4 0.16068909999999997 0.06487338 0.09813374999999999 0.13558545 0.0 0.14549535 0.14473745 0.0920634 0.14335749999999997 0.13888874999999998 0.06390884499999999 0.1837121 0.18577844999999998 0.14335749999999997 0.14335749999999997 0.18569265 0.14487329999999998 0.06578715 0.06417983 0.11787489999999999 0.13218919999999998 0.11620894999999999 0.1287286 0.1479478 0.19036875 0.10478325 0.14335749999999997 0.14895594999999998 0.1288859 0.21219054999999998 0.15456869999999998 0.14335749999999997 0.14335749999999997 0.13801644999999998 0.0 0.0 0.10054329999999999 0.04159441 0.13967525 0.13508494999999998 0.04159441 0.10054329999999999 0.13967525 0.06454591 0.13508494999999998 0.04159441 0.10054329999999999 0.13967525 0.06454591
8 0.032688369999999994 0.13378364999999998 0.1240811 0.18434845 0.16620174999999998 0.08818095 0.13334749999999998 0.0 0.11592294999999998 0.16013139999999998 0.09369359999999999 0.05651646 0.18517069999999997 0.1004861 0.05893673499999999 0.09369359999999999 0.09369359999999999 0.049126935 0.0820248 0.18705114999999997 0.1322464 0.1859429 0.15285269999999998 0.10140844999999998 0.0985556 0.0873158 0.05380303499999999 0.14074774999999998 0.09369359999999999 0.057410925 0.18865274999999998 0.11737439999999999 0.0858572 0.09369359999999999 0.09369359999999999 0.09589579999999999 0.0 0.0 0.20421114999999998 0.16285555 0.08475609999999999 0.064686765 0.16285555 0.20421114999999998 0.08475609999999999 0.18401955 0.064686765 0.16285555 0.20421114999999998 0.08475609999999999 0.18401955
9 0.07310874999999999 0.15154425 0.16450004999999998 0.20210189999999997 0.18395519999999999 0.11437139999999998 0.1511081 0.08223929999999999 0.0 0.177892 0.05625405499999999 0.06140419999999999 0.20293129999999998 0.05989841 0.09936354999999998 0.05625405499999999 0.05625405499999999 0.08955374999999999 0.12244374999999999 0.20480459999999998 0.15000699999999997 0.20369634999999997 0.19327165 0.054099045 0.06805227 0.12773474999999998 0.09422269999999999 0.15928769999999998 0.05625405499999999 0.09783345 0.21470734999999996 0.076791 0.09782629999999999 0.05625405499999999 0.05625405499999999 0.10786489999999999 0.0 0.0 0.22197174999999997 0.18061614999999998 0.0967252 0.069574505 0.18061614999999998 0.22197174999999997 0.0967252 0.20178014999999996 0.069574505 0.18061614999999998 0.22197174999999997 0.0967252 0.20178014999999996
10 0.12043459999999999 0.026981239999999997 0.12195039999999999 0.07754174999999999 0.059394335 0.08261824999999999 0.02654366 0.096668 0.11343474999999999 0.0 0.11033879999999999 0.10587004999999998 0.078364 0.1524094 0.13281125 0.11033879999999999 0.11033879999999999 0.13687244999999998 0.0919061 0.08024445 0.025440414999999997 0.07913619999999999 0.09345049999999999 0.08490624999999999 0.09570989999999999 0.1092091 0.14154855 0.05181461999999999 0.11033879999999999 0.09598875 0.09014719999999998 0.18088785 0.12154999999999999 0.11033879999999999 0.11033879999999999 0.08919624999999999 0.0 0.0 0.09740445 0.056050995 0.09085504999999999 0.10205909999999999 0.056050995 0.09740445 0.09085504999999999 0.07721285 0.10205909999999999 0.056050995 0.09740445 0.09085504999999999 0.07721285
11 0.08133125 0.11761749999999999 0.12832105 0.16818229999999998 0.15002844999999998 0.07697689999999999 0.11718134999999999 0.06514650999999999 0.04870007999999999 0.14396525 0.0 0.044741125 0.16900455 0.0876733 0.10757889999999999 0.0 0.0 0.09776909999999998 0.08626474999999999 0.17087784999999997 0.11608024999999998 0.1697696 0.15709264999999997 0.020173009999999998 0.014625325 0.11557975 0.1024452 0.12489619999999999 0.0 0.08324744999999999 0.18078059999999999 0.104819 0.06042464999999999 0.0 0.0 0.070466825 0.0 0.0 0.188045 0.1466894 0.059327124999999994 0.04093589499999999 0.1466894 0.188045 0.059327124999999994 0.16785339999999999 0.04093589499999999 0.1466894 0.188045 0.059327124999999994 0.16785339999999999
12 0.04415267999999999 0.12408825 0.11716705 0.1746459 0.1564992 0.065823615 0.12365209999999999 0.029398654999999996 0.0784069 0.15042884999999998 0.044741125 0.0 0.17546815 0.07912904999999999 0.070401045 0.044741125 0.044741125 0.060591244999999995 0.07511074999999999 0.17734859999999997 0.12254384999999998 0.17624035 0.14593865 0.052453114999999995 0.049603839999999996 0.09005425 0.06526662999999999 0.11374219999999999 0.044741125 0.04749601999999999 0.18725134999999998 0.09602449999999998 0.049272794999999994 0.044741125 0.044741125 0.059314969999999995 0.0 0.0 0.19451575 0.15316015 0.04817527 0.015733575 0.15316015 0.19451575 0.04817527 0.17432414999999998 0.015733575 0.15316015 0.19451575 0.04817527 0.17432414999999998
13 0.16615885 0.0943657 0.14458015 0.045044284999999996 0.0820248 0.13713699999999998 0.09392955 0.15912324999999997 0.17624749999999997 0.07595444999999999 0.17486754999999998 0.17039165 0.0 0.21522214999999997 0.177892 0.17486754999999998 0.17486754999999998 0.18545669999999997 0.14642484999999997 0.0018785194999999999 0.09282844999999999 0.063046555 0.1011725 0.147719 0.16023864999999998 0.13183885 0.19013279999999996 0.11920479999999999 0.17486754999999998 0.1410695 0.09042605 0.24369344999999998 0.18607875 0.17486754999999998 0.17486754999999998 0.15164434999999998 0.0 0.0 0.039777595 0.04993703 0.15330314999999997 0.16658784999999998 0.04993703 0.039777595 0.15330314999999997 0.044716815 0.16658784999999998 0.04993703 0.039777595 0.15330314999999997 0.044716815
14 0.09005425 0.1689116 0.18143839999999997 0.21947639999999996 0.20132255 0.13173875 0.16847545 0.09917764999999999 0.06731867999999999 0.19525935 0.07362355 0.07834254999999998 0.22029864999999998 0.0 0.0994279 0.07362355 0.07362355 0.08961809999999999 0.13938209999999998 0.22217194999999998 0.16737434999999998 0.2210637 0.21021715 0.07146710999999999 0.08542105 0.1446731 0.0942942 0.17665504999999998 0.07362355 0.1147718 0.2320747 0.048113064999999997 0.11519365 0.07362355 0.07362355 0.12523225 0.0 0.0 0.23933909999999997 0.1979835 0.11409254999999999 0.086515 0.1979835 0.23933909999999997 0.11409254999999999 0.21914749999999997 0.086515 0.1979835 0.23933909999999997 0.11409254999999999 0.21914749999999997
15 0.071349135 0.1763047 0.16660214999999998 0.22686949999999997 0.20872279999999999 0.13070199999999998 0.17586855 0.10442574999999998 0.1663805 0.20265244999999998 0.14415114999999998 0.10697114999999999 0.22769174999999997 0.13825954999999998 0.0 0.14415114999999998 0.14415114999999998 0.053324699999999996 0.12454584999999999 0.22957219999999998 0.17476745 0.22846394999999997 0.19537374999999998 0.151866 0.14901314999999998 0.12983685 0.05800008499999999 0.18326879999999998 0.14415114999999998 0.09993554999999998 0.23118094999999997 0.11034594999999998 0.13631474999999998 0.14415114999999998 0.14415114999999998 0.14635335 0.0 0.0 0.24673219999999998 0.20537659999999996 0.13521365 0.1151436 0.20537659999999996 0.24673219999999998 0.13521365 0.22654059999999998 0.1151436 0.20537659999999996 0.24673219999999998 0.13521365 0.22654059999999998
16 0.08133125 0.11761749999999999 0.12832105 0.16818229999999998 0.15002844999999998 0.07697689999999999 0.11718134999999999 0.06514650999999999 0.04870007999999999 0.14396525 0.0 0.044741125 0.16900455 0.0876733 0.10757889999999999 0.0 0.0 0.09776909999999998 0.08626474999999999 0.17087784999999997 0.11608024999999998 0.1697696 0.15709264999999997 0.020173009999999998 0.014625325 0.11557975 0.1024452 0.12489619999999999 0.0 0.08324744999999999 0.18078059999999999 0.104819 0.06042464999999999 0.0 0.0 0.070466825 0.0 0.0 0.188045 0.1466894 0.059327124999999994 0.04093589499999999 0.1466894 0.188045 0.059327124999999994 0.16785339999999999 0.04093589499999999 0.1466894 0.188045 0.059327124999999994 0.16785339999999999
17 0.08133125 0.11761749999999999 0.12832105 0.16818229999999998 0.15002844999999998 0.07697689999999999 0.11718134999999999 0.06514650999999999 0.04870007999999999 0.14396525 0.0 0.044741125 0.16900455 0.0876733 0.10757889999999999 0.0 0.0 0.09776909999999998 0.08626474999999999 0.17087784999999997 0.11608024999999998 0.1697696 0.15709264999999997 0.020173009999999998 0.014625325 0.11557975 0.1024452 0.12489619999999999 0.0 0.08324744999999999 0.18078059999999999 0.104819 0.06042464999999999 0.0 0.0 0.070466825 0.0 0.0 0.188045 0.1466894 0.059327124999999994 0.04093589499999999 0.1466894 0.188045 0.059327124999999994 0.16785339999999999 0.04093589499999999 0.1466894 0.188045 0.059327124999999994 0.16785339999999999
18 0.022534654999999997 0.12749164999999998 0.11778194999999998 0.17805644999999998 0.15990975 0.08188894999999999 0.1270555 0.05561412999999999 0.12220779999999999 0.1538394 0.0999856 0.062807745 0.17887869999999997 0.1067781 0.01432002 0.0999856 0.0999856 0.0 0.07573279999999999 0.18075914999999998 0.1259544 0.17965089999999997 0.1465607 0.10770044999999999 0.10484759999999999 0.08102379999999999 0.009185605 0.1344486 0.0999856 0.05111749499999999 0.18236075 0.1002859 0.09214919999999999 0.0999856 0.0999856 0.1021878 0.0 0.0 0.19791915 0.15656355 0.09104809999999999 0.07097805 0.15656355 0.19791915 0.09104809999999999 0.17772754999999998 0.07097805 0.15656355 0.19791915 0.09104809999999999 0.17772754999999998
19 0.06780488 0.10255244999999999 0.046224035 0.1325896 0.10421839999999999 0.0891891 0.10211629999999998 0.062917855 0.15053609999999998 0.09814805 0.12401674999999998 0.08684389999999999 0.13920335 0.15204474999999998 0.0795366 0.12401674999999998 0.12401674999999998 0.08710129999999999 0.0 0.14108379999999998 0.10100805 0.13418405 0.08043035 0.12200759999999998 0.1191619 0.03348345 0.0917774 0.12488189999999999 0.12401674999999998 0.042715529999999995 0.11645204999999999 0.16894019999999998 0.11017434999999999 0.12401674999999998 0.12401674999999998 0.10727859999999999 0.0 0.0 0.13665795 0.13162435 0.10893739999999999 0.09500919999999999 0.13162435 0.13665795 0.10893739999999999 0.1322607 0.09500919999999999 0.13162435 0.13665795 0.10893739999999999 0.1322607
20 0.1680393 0.09624615 0.14631044999999998 0.04692258999999999 0.08389809999999999 0.13901029999999998 0.09580999999999999 0.16100369999999997 0.1781208 0.0778349 0.17674085 0.1722721 0.0018785194999999999 0.21709545 0.17977244999999997 0.17674085 0.17674085 0.18733714999999998 0.14829815 0.0 0.0947089 0.06116825 0.09929204999999999 0.14959229999999998 0.1621191 0.13371215 0.19201325 0.1210781 0.17674085 0.14294995 0.08855274999999999 0.24557389999999998 0.1879592 0.17674085 0.17674085 0.15352480000000002 0.0 0.0 0.037899289999999995 0.05181533499999999 0.15518359999999998 0.1684683 0.05181533499999999 0.037899289999999995 0.15518359999999998 0.04659512 0.1684683 0.05181533499999999 0.037899289999999995 0.15518359999999998 0.04659512
21 0.12676235 0.054972059999999996 0.10518365 0.060774285 0.04262615499999999 0.0977405 0.054535194999999995 0.11972674999999999 0.141427 0.03655795 0.13833104999999998 0.13385515 0.06738875 0.18040164999999997 0.1384955 0.13833104999999998 0.13833104999999998 0.1460602 0.10702834999999998 0.069267055 0.0 0.062368019999999996 0.07668375 0.11289849999999998 0.12370214999999998 0.09244234999999999 0.1507363 0.0798083 0.13833104999999998 0.10167299999999999 0.07337329999999999 0.20887294999999997 0.14954225 0.13833104999999998 0.13833104999999998 0.11224785 0.0 0.0 0.08063769999999999 0.0840411 0.11390664999999998 0.13005134999999998 0.0840411 0.08063769999999999 0.11390664999999998 0.060446814999999994 0.13005134999999998 0.0840411 0.08063769999999999 0.11390664999999998 0.060446814999999994
22 0.16048174999999998 0.08868859999999999 0.13890305 0.0393679 0.0763477 0.1314599 0.08825245 0.15344615 0.1705704 0.07027806499999999 0.16919044999999996 0.16472169999999997 0.010518364999999998 0.20954504999999998 0.17221489999999998 0.16919044999999996 0.16919044999999996 0.1797796 0.14074774999999998 0.012397384999999999 0.08715135 0.0 0.10854414999999999 0.14204189999999997 0.15456155 0.12616175 0.1844557 0.1135277 0.16919044999999996 0.1353924 0.09780484999999998 0.2380235 0.18040164999999997 0.16919044999999996 0.16919044999999996 0.14597439999999998 0.0 0.0 0.04714996 0.044260644999999994 0.1476332 0.16091075 0.044260644999999994 0.04714996 0.1476332 0.039040429999999994 0.16091075 0.044260644999999994 0.04714996 0.1476332 0.039040429999999994
23 0.15897309999999998 0.08718709999999999 0.11129689999999999 0.09541675 0.07483904999999999 0.12995125 0.08675095 0.15194465000000001 0.17363774999999998 0.068770845 0.1705418 0.16607305 0.09019724999999999 0.21261239999999998 0.17070625 0.1705418 0.1705418 0.17827094999999998 0.13923909999999998 0.08832395 0.08564269999999999 0.09701119999999999 0.0 0.14510925 0.15592004999999998 0.1168596 0.18294704999999997 0.11201905 0.1705418 0.13388375 0.053537055 0.24109085 0.18175299999999997 0.1705418 0.1705418 0.14446575 0.0 0.0 0.0737451 0.11625184999999999 0.14612454999999996 0.16226924999999998 0.11625184999999999 0.0737451 0.14612454999999996 0.09508785 0.16226924999999998 0.11625184999999999 0.0737451 0.14612454999999996 0.09508785
24 0.09626045 0.10140844999999998 0.14696824999999997 0.15197325 0.13381939999999998 0.09562409999999999 0.10097229999999999 0.08379799999999998 0.03249103 0.1277562 0.03750747 0.063392615 0.1527955 0.07146710999999999 0.12251524999999999 0.03750747 0.03750747 0.11270545 0.10491194999999999 0.15466879999999997 0.0998712 0.15356055 0.15908034999999998 0.0 0.049305685 0.13422694999999998 0.11738154999999999 0.10915189999999998 0.03750747 0.10189464999999999 0.16457154999999998 0.09994269999999998 0.079079 0.03750747 0.03750747 0.08911759999999999 0.0 0.0 0.17183595 0.13048035 0.07797789999999999 0.05958738499999999 0.13048035 0.17183595 0.07797789999999999 0.15164434999999998 0.05958738499999999 0.13048035 0.17183595 0.07797789999999999 0.15164434999999998
25 0.09312875 0.10299574999999998 0.14011854999999998 0.1535534 0.1354067 0.08877439999999999 0.10255244999999999 0.07694115 0.034074755 0.12933635 0.014625325 0.056539339999999993 0.15437564999999998 0.07305154999999999 0.1193764 0.014625325 0.014625325 0.10956659999999999 0.09806224999999999 0.15625609999999998 0.10145135 0.15514785 0.16066765 0.005547470499999999 0.0 0.12737725 0.1142427 0.11073919999999998 0.014625325 0.09504494999999999 0.16615885 0.10152999999999998 0.07222215 0.014625325 0.014625325 0.0822679 0.0 0.0 0.17341609999999996 0.1320605 0.07112534 0.052734109999999994 0.1320605 0.17341609999999996 0.07112534 0.15322449999999999 0.052734109999999994 0.1320605 0.17341609999999996 0.07112534 0.15322449999999999
26 0.07101666 0.10576279999999999 0.059875529999999996 0.1462461 0.11786775 0.09239945 0.10532665 0.06612963499999999 0.15374645 0.11180455 0.12723425 0.09005425 0.15139409999999998 0.1552551 0.0827541 0.12723425 0.12723425 0.0903188 0.05399966 0.14951365 0.10422554999999999 0.1478334 0.0940797 0.12521795 0.12237224999999999 0.0 0.09498775 0.12809225 0.12723425 0.045928025 0.1147289 0.17215054999999999 0.11339185 0.12723425 0.12723425 0.11048894999999999 0.0 0.0 0.1349348 0.13483469999999997 0.11214774999999999 0.09822669999999999 0.13483469999999997 0.1349348 0.11214774999999999 0.1459172 0.09822669999999999 0.13483469999999997 0.1349348 0.11214774999999999 0.1459172
27 0.07546109999999999 0.1804231 0.1707134 0.23098074999999998 0.21283405 0.13481325 0.17997979999999997 0.108537 0.17049175 0.20676369999999997 0.1482624 0.11108955 0.23180299999999998 0.1423708 0.00954525 0.1482624 0.1482624 0.05743595 0.1286571 0.23368345 0.17887869999999997 0.23257519999999998 0.199485 0.15597725 0.1531244 0.1339481 0.0 0.18738004999999996 0.1482624 0.1040468 0.23529219999999998 0.11446434999999999 0.140426 0.1482624 0.1482624 0.15047175 0.0 0.0 0.25084344999999997 0.20948784999999998 0.13933204999999999 0.11925484999999998 0.20948784999999998 0.25084344999999997 0.13933204999999999 0.23065185 0.11925484999999998 0.20948784999999998 0.25084344999999997 0.13933204999999999 0.23065185
28 0.07255819999999999 0.09515219999999999 0.08544249999999999 0.14570985 0.12756315 0.034099779999999996 0.09471605 0.056091035 0.09187034999999999 0.12149995 0.07511789999999999 0.07064915 0.14653924999999998 0.130845 0.08429135 0.07511789999999999 0.07511789999999999 0.09185605 0.043388344999999995 0.14841254999999998 0.09360779999999999 0.1473043 0.11421409999999999 0.06334328 0.06049472 0.0727012 0.09653215 0.0 0.07511789999999999 0.04747170999999999 0.1556698 0.15910894999999997 0.08632909999999999 0.07511789999999999 0.07511789999999999 0.04861284999999999 0.0 0.0 0.16557969999999997 0.12422409999999999 0.050271649999999994 0.06684392 0.12422409999999999 0.16557969999999997 0.050271649999999994 0.1453881 0.06684392 0.12422409999999999 0.16557969999999997 0.050271649999999994 0.1453881
29 0.08133125 0.11761749999999999 0.12832105 0.16818229999999998 0.15002844999999998 0.07697689999999999 0.11718134999999999 0.06514650999999999 0.04870007999999999 0.14396525 0.0 0.044741125 0.16900455 0.0876733 0.10757889999999999 0.0 0.0 0.09776909999999998 0.08626474999999999 0.17087784999999997 0.11608024999999998 0.1697696 0.15709264999999997 0.020173009999999998 0.014625325 0.11557975 0.1024452 0.12489619999999999 0.0 0.08324744999999999 0.18078059999999999 0.104819 0.06042464999999999 0.0 0.0 0.070466825 0.0 0.0 0.188045 0.1466894 0.059327124999999994 0.04093589499999999 0.1466894 0.188045 0.059327124999999994 0.16785339999999999 0.04093589499999999 0.1466894 0.188045 0.059327124999999994 0.16785339999999999
30 0.03181893 0.09239945 0.08268974999999999 0.14296425 0.12481754999999999 0.049843364999999994 0.0919633 0.023571405 0.11833964999999999 0.1187472 0.08467744999999999 0.04749601999999999 0.14378649999999998 0.11512929999999999 0.047080605 0.08467744999999999 0.08467744999999999 0.05111749499999999 0.04063773999999999 0.14566695 0.09086219999999999 0.14455869999999998 0.11146849999999998 0.09238515 0.08953944999999999 0.045928025 0.055793594999999994 0.10240944999999999 0.08467744999999999 0.0 0.15291705 0.13202475 0.070830045 0.08467744999999999 0.08467744999999999 0.08087364999999999 0.0 0.0 0.16282694999999997 0.12147134999999999 0.06973251999999999 0.055666324999999996 0.12147134999999999 0.16282694999999997 0.06973251999999999 0.14263535 0.055666324999999996 0.12147134999999999 0.16282694999999997 0.06973251999999999 0.14263535
31 0.12345904999999999 0.09935639999999998 0.063122345 0.10759319999999999 0.08700835 0.09443004999999999 0.09892024999999999 0.11642345 0.15220204999999998 0.08094515000000001 0.1354496 0.13098084999999998 0.10237369999999998 0.19117669999999998 0.13519219999999998 0.1354496 0.1354496 0.1427569 0.10371789999999999 0.10049324999999999 0.09781915 0.10918049999999999 0.016106089999999997 0.12367355 0.12082784999999999 0.06868576 0.14743299999999998 0.12418835 0.1354496 0.09836969999999999 0.0 0.21944065 0.14666795 0.1354496 0.1354496 0.10894455 0.0 0.0 0.08591439999999999 0.1284283 0.11060334999999999 0.12717704999999999 0.1284283 0.08591439999999999 0.11060334999999999 0.10726429999999999 0.12717704999999999 0.1284283 0.08591439999999999 0.11060334999999999 0.10726429999999999
32 0.10422554999999999 0.18973955 0.19561684999999998 0.24029719999999996 0.2221505 0.15077919999999997 0.18929624999999997 0.11334894999999999 0.08814519999999998 0.21608014999999997 0.09444435 0.09252099999999999 0.24111944999999999 0.07270834999999999 0.1079507 0.09444435 0.09444435 0.09814089999999999 0.15356055 0.2429999 0.18819514999999998 0.24189164999999999 0.22438845 0.09229219999999999 0.10624184999999998 0.15885154999999998 0.10281699999999999 0.197483 0.09444435 0.12895025 0.25290265 0.0 0.13422694999999998 0.09444435 0.09444435 0.14427269999999998 0.0 0.0 0.26015989999999994 0.21880429999999998 0.133133 0.10068629999999998 0.21880429999999998 0.26015989999999994 0.133133 0.23996829999999997 0.10068629999999998 0.21880429999999998 0.26015989999999994 0.133133 0.23996829999999997
33 0.0781066 0.10198759999999998 0.1250964 0.15254525 0.13439854999999998 0.07375225 0.10155144999999999 0.06192471999999999 0.06274124999999998 0.12833535 0.04599023 0.041519335 0.15337464999999997 0.1017159 0.10435425 0.04599023 0.04599023 0.09454444999999999 0.08304009999999999 0.15524795 0.1004432 0.1541397 0.12727 0.03421418 0.031364905 0.11235509999999999 0.09922054999999999 0.07734155 0.04599023 0.08002279999999999 0.16515069999999998 0.12997985 0.0 0.04599023 0.04599023 0.019483035 0.0 0.0 0.1724151 0.1310595 0.05610533499999999 0.037714819999999996 0.1310595 0.1724151 0.05610533499999999 0.15222349999999998 0.037714819999999996 0.1310595 0.1724151 0.05610533499999999 0.15222349999999998
34 0.08133125 0.11761749999999999 0.12832105 0.16818229999999998 0.15002844999999998 0.07697689999999999 0.11718134999999999 0.06514650999999999 0.04870007999999999 0.14396525 0.0 0.044741125 0.16900455 0.0876733 0.10757889999999999 0.0 0.0 0.09776909999999998 0.08626474999999999 0.17087784999999997 0.11608024999999998 0.1697696 0.15709264999999997 0.020173009999999998 0.014625325 0.11557975 0.1024452 0.12489619999999999 0.0 0.08324744999999999 0.18078059999999999 0.104819 0.06042464999999999 0.0 0.0 0.070466825 0.0 0.0 0.188045 0.1466894 0.059327124999999994 0.04093589499999999 0.1466894 0.188045 0.059327124999999994 0.16785339999999999 0.04093589499999999 0.1466894 0.188045 0.059327124999999994 0.16785339999999999
35 0.08133125 0.11761749999999999 0.12832105 0.16818229999999998 0.15002844999999998 0.07697689999999999 0.11718134999999999 0.06514650999999999 0.04870007999999999 0.14396525 0.0 0.044741125 0.16900455 0.0876733 0.10757889999999999 0.0 0.0 0.09776909999999998 0.08626474999999999 0.17087784999999997 0.11608024999999998 0.1697696 0.15709264999999997 0.020173009999999998 0.014625325 0.11557975 0.1024452 0.12489619999999999 0.0 0.08324744999999999 0.18078059999999999 0.104819 0.06042464999999999 0.0 0.0 0.070466825 0.0 0.0 0.188045 0.1466894 0.059327124999999994 0.04093589499999999 0.1466894 0.188045 0.059327124999999994 0.16785339999999999 0.04093589499999999 0.1466894 0.188045 0.059327124999999994 0.16785339999999999
36 0.08803795 0.08717994999999999 0.12744875 0.1377376 0.1195909 0.0761046 0.0867438 0.06427564 0.0914771 0.11352054999999998 0.08330465 0.0788359 0.13855984999999998 0.13045174999999998 0.11428559999999999 0.08330465 0.08330465 0.1044758 0.08539244999999998 0.1404403 0.08563554999999999 0.13933204999999999 0.11246234999999999 0.0629486 0.06868004 0.11470744999999999 0.10915189999999998 0.06253318499999999 0.08330465 0.08237514999999998 0.15034304999999998 0.15893019999999997 0.09451585 0.08330465 0.08330465 0.0 0.0 0.0 0.15760744999999998 0.11625184999999999 0.05845696999999999 0.0750321 0.11625184999999999 0.15760744999999998 0.05845696999999999 0.1374087 0.0750321 0.11625184999999999 0.15760744999999998 0.05845696999999999 0.1374087
37 0.0 0.0 0.0 0.0 0.0 0.0 0.0 0.0 0.0 0.0 0.0 0.0 0.0 0.0 0.0 0.0 0.0 0.0 0.0 0.0 0.0 0.0 0.0 0.0 0.0 0.0 0.0 0.0 0.0 0.0 0.0 0.0 0.0 0.0 0.0 0.0 0.0 0.0 0.0 0.0 0.0 0.0 0.0 0.0 0.0 0.0 0.0 0.0 0.0 0.0 0.0
38 0.0 0.0 0.0 0.0 0.0 0.0 0.0 0.0 0.0 0.0 0.0 0.0 0.0 0.0 0.0 0.0 0.0 0.0 0.0 0.0 0.0 0.0 0.0 0.0 0.0 0.0 0.0 0.0 0.0 0.0 0.0 0.0 0.0 0.0 0.0 0.0 0.0 0.0 0.0 0.0 0.0 0.0 0.0 0.0 0.0 0.0 0.0 0.0 0.0 0.0 0.0
39 0.1496209 0.0778349 0.1280422 0.02850848 0.065487565 0.12059905 0.07739874999999999 0.14259244999999998 0.15970954999999998 0.05941936 0.1583296 0.15386085 0.03512366 0.19868419999999998 0.16135404999999997 0.1583296 0.1583296 0.16891874999999998 0.1298869 0.037001965 0.07629049999999998 0.030102214999999998 0.0995423 0.13118105 0.14370785 0.1153009 0.17359485 0.10266684999999999 0.1583296 0.12453154999999999 0.096239 0.22716264999999997 0.1695408 0.1583296 0.1583296 0.13511354999999997 0.0 0.0 0.0 0.056567225 0.13677235 0.15005705 0.056567225 0.0 0.13677235 0.028181009999999996 0.15005705 0.056567225 0.0 0.13677235 0.028181009999999996
40 0.18153134999999998 0.10817234999999999 0.19920614999999997 0.09967099999999998 0.1366508 0.16959799999999997 0.10773619999999999 0.1577719 0.15408249999999998 0.1305876 0.15270255 0.14823379999999997 0.09871289999999999 0.19305714999999998 0.20778614999999998 0.15270255 0.15270255 0.19796919999999998 0.17888584999999999 0.1005862 0.1066351 0.15639195 0.17070625 0.125554 0.1380808 0.18646485 0.2026453 0.1472328 0.15270255 0.17586855 0.16740295 0.22153559999999997 0.1639209 0.15270255 0.15270255 0.15029299999999998 0.0 0.0 0.13534235 0.0 0.1519518 0.14443 0.0 0.13534235 0.1519518 0.09934924999999999 0.14443 0.0 0.13534235 0.1519518 0.09934924999999999
41 0.038936754999999997 0.12230074999999999 0.11259104999999998 0.17286554999999998 0.15471885 0.06403969 0.12186459999999999 0.015173729999999998 0.10993839999999999 0.1486485 0.07627619999999999 0.039098345 0.17368779999999998 0.10673519999999999 0.06518512 0.07627619999999999 0.07627619999999999 0.05537531999999999 0.07053904 0.17556824999999998 0.1207635 0.17445999999999998 0.1413698 0.08399105 0.0811382 0.0758329 0.060051419999999994 0.11660934999999999 0.07627619999999999 0.03327181 0.18281835 0.1236235 0.062432369999999994 0.07627619999999999 0.07627619999999999 0.07247239999999999 0.0 0.0 0.19272825 0.15137265 0.0 0.047268649999999995 0.15137265 0.19272825 0.0 0.17253664999999999 0.047268649999999995 0.15137265 0.19272825 0.0 0.17253664999999999
42 0.052322985 0.12028444999999999 0.11336324999999998 0.1708421 0.1526954 0.062018384999999995 0.11984114999999998 0.03756896 0.07717709999999998 0.14662504999999998 0.04093589499999999 0.015733575 0.17166435 0.0873015 0.07857135 0.04093589499999999 0.04093589499999999 0.06876154999999999 0.071306235 0.1735448 0.11874005 0.17243655 0.14213484999999998 0.048647885 0.04579861 0.09822669999999999 0.07343765 0.10993839999999999 0.04093589499999999 0.055666324999999996 0.18344755 0.1041898 0.045467564999999995 0.04093589499999999 0.04093589499999999 0.05550974 0.0 0.0 0.19071195 0.1493492 0.04437004 0.0 0.1493492 0.19071195 0.04437004 0.17051319999999998 0.0 0.1493492 0.19071195 0.04437004 0.17051319999999998
43 0.18153134999999998 0.10817234999999999 0.19920614999999997 0.09967099999999998 0.1366508 0.16959799999999997 0.10773619999999999 0.1577719 0.15408249999999998 0.1305876 0.15270255 0.14823379999999997 0.09871289999999999 0.19305714999999998 0.20778614999999998 0.15270255 0.15270255 0.19796919999999998 0.17888584999999999 0.1005862 0.1066351 0.15639195 0.17070625 0.125554 0.1380808 0.18646485 0.2026453 0.1472328 0.15270255 0.17586855 0.16740295 0.22153559999999997 0.1639209 0.15270255 0.15270255 0.15029299999999998 0.0 0.0 0.13534235 0.0 0.1519518 0.14443 0.0 0.13534235 0.1519518 0.09934924999999999 0.14443 0.0 0.13534235 0.1519518 0.09934924999999999
44 0.1496209 0.0778349 0.1280422 0.02850848 0.065487565 0.12059905 0.07739874999999999 0.14259244999999998 0.15970954999999998 0.05941936 0.1583296 0.15386085 0.03512366 0.19868419999999998 0.16135404999999997 0.1583296 0.1583296 0.16891874999999998 0.1298869 0.037001965 0.07629049999999998 0.030102214999999998 0.0995423 0.13118105 0.14370785 0.1153009 0.17359485 0.10266684999999999 0.1583296 0.12453154999999999 0.096239 0.22716264999999997 0.1695408 0.1583296 0.1583296 0.13511354999999997 0.0 0.0 0.0 0.056567225 0.13677235 0.15005705 0.056567225 0.0 0.13677235 0.028181009999999996 0.15005705 0.056567225 0.0 0.13677235 0.028181009999999996
45 0.038936754999999997 0.12230074999999999 0.11259104999999998 0.17286554999999998 0.15471885 0.06403969 0.12186459999999999 0.015173729999999998 0.10993839999999999 0.1486485 0.07627619999999999 0.039098345 0.17368779999999998 0.10673519999999999 0.06518512 0.07627619999999999 0.07627619999999999 0.05537531999999999 0.07053904 0.17556824999999998 0.1207635 0.17445999999999998 0.1413698 0.08399105 0.0811382 0.0758329 0.060051419999999994 0.11660934999999999 0.07627619999999999 0.03327181 0.18281835 0.1236235 0.062432369999999994 0.07627619999999999 0.07627619999999999 0.07247239999999999 0.0 0.0 0.19272825 0.15137265 0.0 0.047268649999999995 0.15137265 0.19272825 0.0 0.17253664999999999 0.047268649999999995 0.15137265 0.19272825 0.0 0.17253664999999999
46 0.15918759999999998 0.05565059499999999 0.15062189999999998 0.054804034999999994 0.08806655 0.12551825 0.055213729999999996 0.13542099999999999 0.13466309999999998 0.08199619999999999 0.1332903 0.1288144 0.0538395 0.17364489999999996 0.17571124999999999 0.1332903 0.1332903 0.17562545 0.13480609999999998 0.055717804999999995 0.05411048499999999 0.10780769999999999 0.12212199999999998 0.10614174999999999 0.11866139999999999 0.1378806 0.18030154999999998 0.09471605 0.1332903 0.13888874999999998 0.11881154999999999 0.20211619999999997 0.14450149999999998 0.1332903 0.1332903 0.1279421 0.0 0.0 0.09046894999999999 0.031525065 0.1296009 0.1250106 0.031525065 0.09046894999999999 0.1296009 0.0 0.1250106 0.031525065 0.09046894999999999 0.1296009 0.0
47 0.052322985 0.12028444999999999 0.11336324999999998 0.1708421 0.1526954 0.062018384999999995 0.11984114999999998 0.03756896 0.07717709999999998 0.14662504999999998 0.04093589499999999 0.015733575 0.17166435 0.0873015 0.07857135 0.04093589499999999 0.04093589499999999 0.06876154999999999 0.071306235 0.1735448 0.11874005 0.17243655 0.14213484999999998 0.048647885 0.04579861 0.09822669999999999 0.07343765 0.10993839999999999 0.04093589499999999 0.055666324999999996 0.18344755 0.1041898 0.045467564999999995 0.04093589499999999 0.04093589499999999 0.05550974 0.0 0.0 0.19071195 0.1493492 0.04437004 0.0 0.1493492 0.19071195 0.04437004 0.17051319999999998 0.0 0.1493492 0.19071195 0.04437004 0.17051319999999998
48 0.18153134999999998 0.10817234999999999 0.19920614999999997 0.09967099999999998 0.1366508 0.16959799999999997 0.10773619999999999 0.1577719 0.15408249999999998 0.1305876 0.15270255 0.14823379999999997 0.09871289999999999 0.19305714999999998 0.20778614999999998 0.15270255 0.15270255 0.19796919999999998 0.17888584999999999 0.1005862 0.1066351 0.15639195 0.17070625 0.125554 0.1380808 0.18646485 0.2026453 0.1472328 0.15270255 0.17586855 0.16740295 0.22153559999999997 0.1639209 0.15270255 0.15270255 0.15029299999999998 0.0 0.0 0.13534235 0.0 0.1519518 0.14443 0.0 0.13534235 0.1519518 0.09934924999999999 0.14443 0.0 0.13534235 0.1519518 0.09934924999999999
49 0.1496209 0.0778349 0.1280422 0.02850848 0.065487565 0.12059905 0.07739874999999999 0.14259244999999998 0.15970954999999998 0.05941936 0.1583296 0.15386085 0.03512366 0.19868419999999998 0.16135404999999997 0.1583296 0.1583296 0.16891874999999998 0.1298869 0.037001965 0.07629049999999998 0.030102214999999998 0.0995423 0.13118105 0.14370785 0.1153009 0.17359485 0.10266684999999999 0.1583296 0.12453154999999999 0.096239 0.22716264999999997 0.1695408 0.1583296 0.1583296 0.13511354999999997 0.0 0.0 0.0 0.056567225 0.13677235 0.15005705 0.056567225 0.0 0.13677235 0.028181009999999996 0.15005705 0.056567225 0.0 0.13677235 0.028181009999999996
50 0.038936754999999997 0.12230074999999999 0.11259104999999998 0.17286554999999998 0.15471885 0.06403969 0.12186459999999999 0.015173729999999998 0.10993839999999999 0.1486485 0.07627619999999999 0.039098345 0.17368779999999998 0.10673519999999999 0.06518512 0.07627619999999999 0.07627619999999999 0.05537531999999999 0.07053904 0.17556824999999998 0.1207635 0.17445999999999998 0.1413698 0.08399105 0.0811382 0.0758329 0.060051419999999994 0.11660934999999999 0.07627619999999999 0.03327181 0.18281835 0.1236235 0.062432369999999994 0.07627619999999999 0.07627619999999999 0.07247239999999999 0.0 0.0 0.19272825 0.15137265 0.0 0.047268649999999995 0.15137265 0.19272825 0.0 0.17253664999999999 0.047268649999999995 0.15137265 0.19272825 0.0 0.17253664999999999
51 0.15918759999999998 0.05565059499999999 0.15062189999999998 0.054804034999999994 0.08806655 0.12551825 0.055213729999999996 0.13542099999999999 0.13466309999999998 0.08199619999999999 0.1332903 0.1288144 0.0538395 0.17364489999999996 0.17571124999999999 0.1332903 0.1332903 0.17562545 0.13480609999999998 0.055717804999999995 0.05411048499999999 0.10780769999999999 0.12212199999999998 0.10614174999999999 0.11866139999999999 0.1378806 0.18030154999999998 0.09471605 0.1332903 0.13888874999999998 0.11881154999999999 0.20211619999999997 0.14450149999999998 0.1332903 0.1332903 0.1279421 0.0 0.0 0.09046894999999999 0.031525065 0.1296009 0.1250106 0.031525065 0.09046894999999999 0.1296009 0.0 0.1250106 0.031525065 0.09046894999999999 0.1296009 0.0
;
param alpha := 47 0.055 48 0.055 49 0.055 50 0.055 51 0.055;
param Tp := 161;
param w1 := 0.75;
param w2 := 0.25;
param M:
 1 2 3 4 5 6 7 8 9 10 11 12 13 14 15 16 17 18 19 20 21 22 23 24 25 26 27 28 29 30 31 32 33 34 35 36 37 38 39 40 41 42 43 44 45 46 47 48 49 50 51:=
1 161.5 163.0132 162.8774 163.7204 163.4666 162.37534 163.0071 162.00791 162.9393 163.3817 162.6285 162.10852 163.7319 162.7235 161.95237 162.6285 162.6285 161.81517 162.28925 161.7582 153.9917 140.7427 129.2799 117.7363 116.69649999999999 112.36323999999999 110.88056 88.1105 83.6285 77.94502 60.78059999999999 58.9597 56.5189 53.6285 28.628500000000003 27.6593 161.5 161.5 163.9982 163.4198 162.5035 162.22279 163.4198 163.9982 162.5035 163.7158 162.22279 163.4198 163.9982 162.5035 163.7158
2 163.8611 161.5 163.7413 162.4012 162.8664 163.3902 162.40694 163.5287 163.5182 162.7815 163.4989 163.4364 162.38772 164.0633 164.0922 163.4989 163.4989 164.091 163.5201 160.41399 153.3915 140.1425 129.3427 118.1192 117.29429999999999 113.56309999999999 113.15639999999999 87.95939999999999 84.49889999999999 79.5772 60.29650000000001 60.461600000000004 57.655699999999996 54.49889999999999 29.498899999999992 28.424200000000013 161.5 161.5 162.9 162.07563 163.4474 163.3831 162.07563 162.9 163.4474 162.39663 163.3831 162.07563 162.9 163.4474 162.39663
3 162.6053 163.0913 161.5 163.6444 163.2606 162.9044 163.0852 162.537 163.7624 163.1757 163.3915 162.8716 163.5714 163.7835 162.7694 163.3915 163.3915 162.8752 162.3673 161.5452 154.0697 140.6667 128.9279 118.36340000000001 117.3235 111.65529000000001 111.94059999999999 88.40360000000001 84.39150000000001 78.25441000000001 60.05869999999999 60.019800000000004 57.197900000000004 54.39150000000001 29.391500000000008 28.157399999999996 161.5 161.5 163.3413 163.4978 163.1806 162.9858 163.4978 163.3413 163.1806 163.6398 162.9858 163.4978 163.3413 163.1806 163.6398
4 163.3632 162.35912 163.0613 161.5 162.18645 162.9572 162.353 163.2648 163.5682 162.10158 163.5249 163.4624 162.5328 164.1134 163.5273 163.5249 163.5249 163.6331 163.0872 160.5591 153.33757 139.46255 128.6628 118.16919999999999 117.3204 112.88310000000001 112.6985 87.7064 84.5249 79.01230000000001 59.6165 60.51159999999999 57.68180000000001 54.5249 29.524900000000002 28.160200000000003 161.5 161.5 162.7181 162.7657 163.1834 163.4092 162.7657 162.7181 163.1834 162.43569 163.4092 162.7657 162.7181 163.1834 162.43569
5 162.8448 162.5758 162.543 162.8739 161.5 162.43889 162.5697 162.7465 163.2469 162.39223 163.0126 162.9501 162.9664 163.792 163.0089 163.0126 163.0126 163.1147 162.5688 160.9927 153.5542 139.8962 128.14441 117.84790000000001 116.80799999999999 112.36479 112.18010000000001 87.88810000000001 84.01259999999999 78.49391 59.8382 60.18729999999999 57.169399999999996 54.01259999999999 29.012599999999992 27.641899999999993 161.5 161.5 163.1208 162.9823 162.6651 162.8969 162.9823 163.1208 162.6651 162.8693 162.8969 162.9823 163.1208 162.6651 162.8693
6 162.11437 162.9123 162.7765 163.6195 163.3657 161.5 162.9062 162.04602 163.3714 163.2808 162.9006 162.38063 163.631 163.2926 162.27848 162.9006 162.9006 162.38428 162.18836 161.6573 153.8908 140.6418 129.179 118.0085 116.96860000000001 112.26236 111.44968 88.14869999999999 83.9006 77.76347999999999 60.758700000000005 59.52879999999999 56.706999999999994 53.9006 28.900599999999997 27.847399999999993 161.5 161.5 163.8973 163.3189 162.6916 162.4949 163.3189 163.8973 162.6916 163.6149 162.4949 163.3189 163.8973 162.6916 163.6149
7 163.8672 161.5061122 163.7474 162.40732 162.8725 163.3963 161.5 163.5349 163.5243 162.7876 163.505 163.4425 162.39383 164.0694 164.0983 163.505 163.505 164.0971 163.5262 160.4201 153.39762 140.1486 129.3488 118.12530000000001 117.3004 113.5692 113.1625 87.96549999999999 84.505 79.58330000000001 60.30260000000001 60.46770000000001 57.6618 54.504999999999995 29.504999999999995 28.43029999999999 161.5 161.5 162.9062 162.08174 163.4535 163.3893 162.08174 162.9062 163.4535 162.40274 163.3893 162.08174 162.9062 163.4535 162.40274
8 161.95718 163.3711 163.2354 164.0783 163.8245 162.7333 163.365 161.5 163.1213 163.7396 162.8104 162.29044 164.0898 162.9054 162.32429 162.8104 162.8104 162.18709 162.6472 162.1161 154.3496 141.1006 129.6378 117.91829999999999 116.8784 112.72120000000001 111.25249 88.4685 83.81039999999999 78.30295000000001 61.13849999999999 59.14160000000001 56.70079999999999 53.81039999999999 28.810399999999987 27.841199999999986 161.5 161.5 164.3561 163.7777 162.6854 162.40471 163.7777 164.3561 162.6854 164.0737 162.40471 163.7777 164.3561 162.6854 164.0737
9 162.5225 163.6195 163.8007 164.3266 164.0728 163.0996 163.6134 162.6502 161.5 163.988 162.28677 162.3588 164.3382 162.33774 162.8897 162.28677 162.28677 162.7525 163.2125 162.3644 154.598 141.3489 130.2031 117.25663 116.45178000000001 113.28649999999999 111.8178 88.7278 83.28676999999999 78.8683 61.50290000000001 58.57400000000001 56.8682 53.28676999999999 28.28676999999999 28.0086 161.5 161.5 164.6045 164.0261 162.8528 162.47307 164.0261 164.6045 162.8528 164.3221 162.47307 164.0261 164.6045 162.8528 164.3221
10 163.1844 161.87736 163.2056 162.5845 162.33069 162.6555 161.87124 162.852 163.0865 161.5 163.0432 162.9807 162.596 163.6316 163.3575 163.0432 163.0432 163.4143 162.7854 160.6223 152.85581 139.6068 128.807 117.6875 116.83860000000001 113.0274 112.47970000000001 87.22468 84.04320000000001 78.8425 59.76079999999999 60.0299 57.19999999999999 54.04320000000001 29.043200000000013 27.747500000000002 161.5 161.5 162.8623 162.28393 162.7707 162.9274 162.28393 162.8623 162.7707 162.5799 162.9274 162.28393 162.8623 162.7707 162.5799
11 162.6375 163.145 163.2947 163.8522 163.5983 162.5766 163.1389 162.41114 162.18112 163.5135 161.5 162.12575 163.8637 162.7262 163.0046 161.5 161.5 162.8674 162.7065 161.8899 154.1235 140.8744 129.6971 116.78214 115.70455000000001 113.1165 111.93279999999999 88.24680000000001 82.5 78.6643 61.028400000000005 58.96600000000001 56.3451 52.5 27.5 27.48554999999999 161.5 161.5 164.13 163.5516 162.32975 162.07253 163.5516 164.13 162.32975 163.8476 162.07253 163.5516 164.13 162.32975 163.8476
12 162.11752 163.2355 163.1387 163.9426 163.6888 162.42061 163.2294 161.91117 162.5966 163.6039 162.12575 161.5 163.9541 162.6067 162.48463 162.12575 162.12575 162.34743 162.5505 161.9804 154.2139 140.9649 129.5411 117.23361 116.19376 112.7595 111.41282000000001 88.0908 83.12575000000001 78.16427999999999 61.1189 58.84299999999999 56.189130000000006 53.12575000000001 28.12575000000001 27.329579999999993 161.5 161.5 164.2205 163.6421 162.17378 161.72005 163.6421 164.2205 162.17378 163.9381 161.72005 163.6421 164.2205 162.17378 163.9381
13 163.8239 162.8198 163.5221 162.12999 162.6472 163.418 162.8137 163.7255 163.965 162.5623 163.9457 163.8831 161.5 164.5101 163.988 163.9457 163.9457 164.0938 163.5479 159.526273 153.7983 139.38177 128.915 118.566 117.74109999999999 113.34389999999999 113.1592 88.16720000000001 84.94569999999999 79.47300000000001 59.764700000000005 60.9083 58.10249999999999 54.94569999999999 29.945699999999988 28.620900000000006 161.5 161.5 162.05633 162.19842 163.6441 163.8299 162.19842 162.05633 163.6441 162.12541 163.8299 162.19842 162.05633 163.6441 162.12541
14 162.7595 163.8624 164.0376 164.5696 164.3157 163.3425 163.8563 162.8871 162.44152 164.2309 162.5297 162.5957 164.5811 161.5 162.8906 162.5297 162.5297 162.7534 163.4494 162.6073 154.8409 141.5918 130.4401 117.49954 116.69470000000001 113.52340000000001 111.81880000000001 88.9707 83.52969999999999 79.1052 61.7458 58.17291 57.11109999999999 53.52969999999999 28.52969999999999 28.251499999999993 161.5 161.5 164.8474 164.269 163.0957 162.71 164.269 164.8474 163.0957 164.565 162.71 164.269 164.8474 163.0957 164.565
15 162.49789 163.9658 163.8301 164.673 164.4192 163.328 163.9597 162.9605 163.827 164.3343 163.5161 162.9961 164.6845 163.4337 161.5 163.5161 163.5161 162.2458 163.2419 162.7108 154.9443 141.6953 130.2325 118.624 117.5841 113.3159 111.31119000000001 89.0632 84.5161 78.89769999999999 61.733299999999986 59.04329999999999 57.406499999999994 54.516099999999994 29.516099999999994 28.546899999999994 161.5 161.5 164.9508 164.3724 163.3911 163.1104 164.3724 164.9508 163.3911 164.6684 163.1104 164.3724 164.9508 163.3911 164.6684
16 162.6375 163.145 163.2947 163.8522 163.5983 162.5766 163.1389 162.41114 162.18112 163.5135 161.5 162.12575 163.8637 162.7262 163.0046 161.5 161.5 162.8674 162.7065 161.8899 154.1235 140.8744 129.6971 116.78214 115.70455000000001 113.1165 111.93279999999999 88.24680000000001 82.5 78.6643 61.028400000000005 58.96600000000001 56.3451 52.5 27.5 27.48554999999999 161.5 161.5 164.13 163.5516 162.32975 162.07253 163.5516 164.13 162.32975 163.8476 162.07253 163.5516 164.13 162.32975 163.8476
17 162.6375 163.145 163.2947 163.8522 163.5983 162.5766 163.1389 162.41114 162.18112 163.5135 161.5 162.12575 163.8637 162.7262 163.0046 161.5 161.5 162.8674 162.7065 161.8899 154.1235 140.8744 129.6971 116.78214 115.70455000000001 113.1165 111.93279999999999 88.24680000000001 82.5 78.6643 61.028400000000005 58.96600000000001 56.3451 52.5 27.5 27.48554999999999 161.5 161.5 164.13 163.5516 162.32975 162.07253 163.5516 164.13 162.32975 163.8476 162.07253 163.5516 164.13 162.32975 163.8476
18 161.81517 163.2831 163.1473 163.9903 163.7365 162.6453 163.277 162.27782 163.2092 163.6516 162.8984 162.37843 164.0018 162.9934 161.70028 162.8984 162.8984 161.5 162.5592 162.0281 154.2616 141.0126 129.5498 118.00630000000001 116.9664 112.63319999999999 110.62847 88.38040000000001 83.89840000000001 78.21493000000001 61.0505 58.90260000000001 56.78880000000001 53.89840000000001 28.89840000000001 27.92920000000001 161.5 161.5 164.2681 163.6897 162.7734 162.4927 163.6897 164.2681 162.7734 163.9857 162.4927 163.6897 164.2681 162.7734 163.9857
19 16.44832 16.9343 16.14649 17.3544 16.9576 16.7474 16.9282 16.37997 17.6054 16.872700000000002 17.2345 16.7146 17.4469 17.6265 16.6124 17.2345 17.2345 16.7182 15.5 15.473199999999999 7.912700000000001 0.0 0.0 0.0 0.0 0.0 0.0 0.0 0.0 0.0 0.0 0.0 0.0 0.0 0.0 0.0 15.5 15.5 17.4113 17.3409 17.023600000000002 16.8288 17.3409 17.4113 17.023600000000002 17.349800000000002 16.8288 17.3409 17.4113 17.023600000000002 17.349800000000002
20 19.8502 18.8461 19.5463 18.15626 18.6734 19.4442 18.84 19.7518 19.9912 18.5886 19.9719 19.9094 17.526273 20.5363 20.0143 19.9719 19.9719 20.1201 19.5741 15.5 9.8246 0.0 0.0 0.0 0.0 0.0 0.0 0.0 0.0 0.0 0.0 0.0 0.0 0.0 0.0 0.0 17.5 17.5 18.03006 18.22469 19.6704 19.8562 18.22469 18.03006 19.6704 18.15168 19.8562 18.22469 18.03006 19.6704 18.15168
21 26.2729 25.26884 25.9711 25.34999 25.09617 25.867 25.26273 26.174500000000002 26.478 25.0113 26.4347 26.3721 25.4425 27.0231 26.437 26.4347 26.4347 26.5428 25.9969 23.46877 15.5 2.37228 0.0 0.0 0.0 0.0 0.0 0.0 0.0 0.0 0.0 0.0 0.0 0.0 0.0 0.0 24.5 24.5 25.6278 25.6754 26.0931 26.3189 25.6754 25.6278 26.0931 25.34541 26.3189 25.6754 25.6278 26.0931 25.34541
22 40.7445 39.7404 40.4427 39.0506 39.5678 40.3386 39.7343 40.6461 40.8856 39.48291 40.8663 40.8038 38.64711 41.4307 40.9086 40.8663 40.8663 41.0144 40.4685 36.67339 30.718899999999998 15.5 6.018099999999997 0.0 0.0 0.0 0.0 0.0 0.0 0.0 0.0 0.0 0.0 0.0 0.0 0.0 38.5 38.5 39.159440000000004 39.11903 40.5648 40.7505 39.11903 39.159440000000004 40.5648 39.04602 40.7505 39.11903 39.159440000000004 40.5648 39.04602
23 51.7234 50.7194 51.0566 50.8345 50.5467 51.3175 50.7133 51.6251 51.9285 50.46183 51.8852 51.8227 50.7615 52.4736 51.8875 51.8852 51.8852 51.9933 51.4474 48.7353 41.6978 27.8568 15.5 6.529499999999999 5.680700000000002 1.1343999999999994 1.0587000000000018 0.0 0.0 0.0 0.0 0.0 0.0 0.0 0.0 0.0 49.5 49.5 50.5314 51.1259 51.5437 51.7695 51.1259 50.5314 51.5437 50.8299 51.7695 51.1259 50.5314 51.5437 50.8299
24 61.8463 61.9183 62.5555 62.6255 62.3716 61.8374 61.9122 61.672 60.95442 62.2868 61.02458 61.38661 62.637 61.49954 62.2135 61.02458 61.02458 62.0763 61.9673 60.6632 52.8968 39.6477 28.724899999999998 15.5 15.189590000000003 12.377299999999998 11.1417 0.0 0.0 0.0 0.0 0.0 0.0 0.0 0.0 0.0 60.5 60.5 62.9033 62.3249 61.5906 61.33339 62.3249 62.9033 61.5906 62.6209 61.33339 62.3249 62.9033 61.5906 62.6209
25 62.8025 62.9405 63.4597 63.6476 63.3938 62.7416 62.9343 62.5761 61.97657 63.3089 61.70455 62.29076 63.6591 62.5217 63.1696 61.70455 61.70455 63.0324 62.8715 61.6854 53.9189 40.6699 29.747100000000003 16.577587 15.5 13.281500000000001 12.0978 0.0 0.0 0.0 0.0 0.0 0.0 0.0 0.0 0.0 61.5 61.5 63.925399999999996 63.347 62.49476 62.23754 63.347 63.925399999999996 62.49476 63.643 62.23754 63.347 63.925399999999996 62.49476 63.643
26 66.49324 66.9792 66.33742 67.5454 67.1485 66.7923 66.9731 66.42489 67.6503 67.0637 67.2795 66.7595 67.6174 67.6714 66.6574 67.2795 67.2795 66.7632 66.25524 65.5911 57.9577 44.5676 32.815799999999996 22.2513 21.2115 15.5 15.828500000000005 0.0 0.0 0.0 0.0 0.0 0.0 0.0 0.0 0.0 65.5 65.5 67.3872 67.3858 67.0685 66.8738 67.3858 67.3872 67.0685 67.5408 66.8738 67.3858 67.3872 67.0685 67.5408
27 87.5554 89.0234 88.8876 89.7305 89.4767 88.3855 89.0172 88.018 88.8845 89.3918 88.5736 88.0537 89.742 88.4912 86.6335 88.5736 88.5736 87.3033 88.2994 87.7683 80.0018 66.7528 55.290000000000006 43.6815 42.6416 38.373400000000004 35.5 14.1207 9.573599999999999 3.955200000000005 0.0 0.0 0.0 0.0 0.0 0.0 86.5 86.5 90.0083 89.4299 88.4487 88.1679 89.4299 90.0083 88.4487 89.7259 88.1679 89.4299 90.0083 88.4487 89.7259
28 91.5148 91.8308 91.695 92.5379 92.2841 90.97692 91.8247 91.28449 91.7849 92.1993 91.5506 91.4881 92.5495 92.33 91.6789 91.5506 91.5506 91.7847 91.10683 90.5757 82.8092 69.5602 58.09739999999999 46.38592 45.34608 41.5168 40.8501 15.5 12.550600000000003 7.163939999999997 0.0 0.0 0.0 0.0 0.0 0.0 90.5 90.5 92.8158 92.2374 91.2031 91.43488 92.2374 92.8158 91.2031 92.5334 91.43488 92.2374 92.8158 91.2031 92.5334
29 95.6375 96.145 96.2947 96.8522 96.5983 95.5766 96.1389 95.41114 95.18111999999999 96.5135 94.5 95.12575 96.8637 95.7262 96.0046 94.5 94.5 95.8674 95.7065 94.8899 87.1235 73.8744 62.697100000000006 49.78214 48.70455 46.1165 44.9328 21.246799999999993 15.5 11.664299999999997 0.0 0.0 0.0 0.0 0.0 0.0 94.5 94.5 97.13 96.5516 95.32975 95.07253 96.5516 97.13 95.32975 96.8476 95.07253 96.5516 97.13 95.32975 96.8476
30 99.94502 100.7923 100.6565 101.4995 101.2457 100.19711 100.7862 99.82967 101.1551 101.1608 100.6843 100.16428 101.511 101.1102 100.15847 100.6843 100.6843 100.21493 100.06836 99.5373 91.7708 78.5218 67.059 55.792100000000005 54.752300000000005 50.14234999999999 49.280330000000006 25.932299999999998 21.684299999999993 15.5 0.0 0.0 0.0 0.0 0.0 0.0 99.5 99.5 101.7773 101.1989 100.47528 100.27855 101.1989 101.7773 100.47528 101.4949 100.27855 101.1989 101.7773 100.47528 101.4949
31 120.2267 119.8896 119.38283 120.0048 119.7169 119.8207 119.8835 120.1283 120.6287 119.6321 120.3944 120.3319 119.9318 121.1738 120.3908 120.3944 120.3944 120.4966 119.9506 117.9055 110.8681 97.027 84.72526 75.2297 74.1899 69.46064 69.562 45.236900000000006 41.394400000000005 35.8758 15.5 17.569100000000006 14.551299999999998 11.394400000000005 0.0 0.0 118.5 118.5 119.7016 120.2962 120.0469 120.2787 120.2962 119.7016 120.0469 120.0002 120.2787 120.2962 119.7016 120.0469 120.0002
32 120.9577 122.1537 122.2359 122.8608 122.607 121.6088 122.1475 121.0853 120.7328 122.5221 120.8209 120.794 122.8723 120.5169 121.0098 120.8209 120.8209 120.8726 121.6477 120.8986 113.1321 99.8831 88.6383 75.7908 74.9859 71.7217 69.938 47.262 41.820899999999995 37.3035 20.037099999999995 15.5 15.377300000000005 11.820899999999995 0.0 0.0 119.5 119.5 123.1386 122.5602 121.362 120.9082 122.5602 123.1386 121.362 122.8562 120.9082 122.5602 123.1386 121.362 122.8562
33 122.5924 122.9264 123.2496 123.6335 123.3797 122.5315 122.9203 122.36608 122.3775 123.2949 122.14322 122.08069 123.6451 122.9226 122.9595 122.14322 122.14322 122.8223 122.6614 121.6713 113.9048 100.6558 89.28 76.97852 75.93867 73.0714 71.8877 47.5817 43.14322 38.619200000000006 20.809799999999996 19.317899999999995 15.5 13.14322 0.0 0.0 121.5 121.5 123.9114 123.333 122.28469 122.02748 123.333 123.9114 122.28469 123.629 122.02748 123.333 123.9114 122.28469 123.629
34 125.6375 126.145 126.2947 126.8522 126.5983 125.5766 126.1389 125.41114 125.18111999999999 126.5135 124.5 125.12575 126.8637 125.7262 126.0046 124.5 124.5 125.8674 125.7065 124.8899 117.1235 103.8744 92.6971 79.78214 78.70455 76.1165 74.9328 51.24679999999999 45.5 41.6643 24.028400000000005 21.965999999999994 19.345100000000002 15.5 0.0 0.0 124.5 124.5 127.13 126.5516 125.32975 125.07253 126.5516 127.13 125.32975 126.8476 125.07253 126.5516 127.13 125.32975 126.8476
35 150.6375 151.145 151.2947 151.8522 151.5983 150.5766 151.1389 150.41114 150.18112 151.5135 149.5 150.12575 151.8637 150.7262 151.0046 149.5 149.5 150.8674 150.7065 149.8899 142.1235 128.8744 117.6971 104.78214 103.70455000000001 101.1165 99.93279999999999 76.24680000000001 70.5 66.6643 49.028400000000005 46.96600000000001 44.3451 40.5 15.5 15.48554999999999 149.5 149.5 152.13 151.5516 150.32975 150.07253 151.5516 152.13 150.32975 151.8476 150.07253 151.5516 152.13 150.32975 151.8476
36 158.7313 158.7193 159.2825 159.4264 159.1726 158.5644 158.7132 158.39896 158.7794 159.0877 158.6651 158.6026 159.4379 159.3245 159.0984 158.6651 158.6651 158.9612 158.6943 157.4642 149.6977 136.4487 125.0729 113.38040000000001 112.46055999999999 109.1043 108.0266 83.37459000000001 79.6651 74.65209999999999 56.6027 55.72280000000001 52.8219 49.665099999999995 24.665099999999995 22.5 157.5 157.5 159.7043 159.1259 158.31758 158.5494 159.1259 159.7043 158.31758 159.4218 158.5494 159.1259 159.7043 158.31758 159.4218
37 161.0 161.0 161.0 161.0 161.0 161.0 161.0 161.0 161.0 161.0 161.0 161.0 161.0 161.0 161.0 161.0 161.0 161.0 161.0 159.0 152.0 138.0 127.0 116.0 115.0 111.0 110.0 86.0 82.0 77.0 58.0 57.0 55.0 52.0 27.0 26.0 161.0 161.0 161.0 161.0 161.0 161.0 161.0 161.0 161.0 161.0 161.0 161.0 161.0 161.0 161.0
38 161.0 161.0 161.0 161.0 161.0 161.0 161.0 161.0 161.0 161.0 161.0 161.0 161.0 161.0 161.0 161.0 161.0 161.0 161.0 159.0 152.0 138.0 127.0 116.0 115.0 111.0 110.0 86.0 82.0 77.0 58.0 57.0 55.0 52.0 27.0 26.0 161.0 161.0 161.0 161.0 161.0 161.0 161.0 161.0 161.0 161.0 161.0 161.0 161.0 161.0 161.0
39 163.0926 162.0886 162.7908 161.39872 161.91591 162.6867 162.0825 162.9943 163.2337 161.83104 163.2144 163.1519 161.49124 163.7788 163.2567 163.2144 163.2144 163.3625 162.8166 159.51751 153.067 138.42101 128.3922 117.8347 117.00989999999999 112.61259999999999 112.4279 87.4359 84.21440000000001 78.74170000000001 59.346000000000004 60.177099999999996 57.37119999999999 54.21440000000001 29.214400000000012 27.889700000000005 161.0 161.0 161.0 161.79115 162.9129 163.0987 161.79115 161.0 162.9129 161.39414 163.0987 161.79115 161.0 162.9129 161.39414
40 163.5389 162.5129 163.7861 162.394 162.9112 163.372 162.5068 163.2066 163.155 162.8264 163.13569999999999 163.07319999999999 162.3806 163.7001 163.9061 163.13569999999999 163.13569999999999 163.7688 163.5019 160.4068 153.4914 140.1873 129.3875 117.756 116.93119999999999 113.6079 112.83420000000001 88.0592 84.13569999999999 79.4597 60.34129999999999 60.0984 57.29259999999999 54.135699999999986 29.135699999999986 28.102000000000004 161.0 161.0 162.8929 161.0 163.1252 163.02 161.0 162.8929 163.1252 162.3895 163.02 161.0 162.8929 163.1252 162.3895
41 161.54457 162.7105 162.5747 163.4177 163.1639 161.89566 162.7044 161.21222 162.5376 163.079 162.0668 161.54683 163.4292 162.4928 161.91168 162.0668 162.0668 161.77448 161.98656 161.4555 153.689 140.44 128.9772 117.1747 116.13480000000001 112.0606 110.83988 87.6309 83.0668 77.46534 60.55690000000001 58.72900000000001 55.87317999999999 53.0668 28.0668 27.013599999999997 161.0 161.0 163.6955 163.1171 161.0 161.6611 163.1171 163.6955 161.0 163.4131 161.6611 163.1171 163.6955 161.0 163.4131
42 161.73179 162.6823 162.5855 163.3894 163.1356 161.86739 162.6761 161.52544 162.0794 163.0507 161.57253 161.22005 163.4009 162.221 162.0989 161.57253 161.57253 161.9617 161.99729 161.4272 153.6607 140.4117 128.9879 116.68038999999999 115.64053999999999 112.37379999999999 111.02709999999999 87.5376 82.57253 77.77855 60.56569999999999 58.4572 55.635909999999996 52.57253 27.57253 26.77636000000001 161.0 161.0 163.6673 163.0888 161.62056 161.0 163.0888 163.6673 161.62056 163.3848 161.0 163.0888 163.6673 161.62056 163.3848
43 163.5389 162.5129 163.7861 162.394 162.9112 163.372 162.5068 163.2066 163.155 162.8264 163.13569999999999 163.07319999999999 162.3806 163.7001 163.9061 163.13569999999999 163.13569999999999 163.7688 163.5019 160.4068 153.4914 140.1873 129.3875 117.756 116.93119999999999 113.6079 112.83420000000001 88.0592 84.13569999999999 79.4597 60.34129999999999 60.0984 57.29259999999999 54.135699999999986 29.135699999999986 28.102000000000004 161.0 161.0 162.8929 161.0 163.1252 163.02 161.0 162.8929 163.1252 162.3895 163.02 161.0 162.8929 163.1252 162.3895
44 163.0926 162.0886 162.7908 161.39872 161.91591 162.6867 162.0825 162.9943 163.2337 161.83104 163.2144 163.1519 161.49124 163.7788 163.2567 163.2144 163.2144 163.3625 162.8166 159.51751 153.067 138.42101 128.3922 117.8347 117.00989999999999 112.61259999999999 112.4279 87.4359 84.21440000000001 78.74170000000001 59.346000000000004 60.177099999999996 57.37119999999999 54.21440000000001 29.214400000000012 27.889700000000005 161.0 161.0 161.0 161.79115 162.9129 163.0987 161.79115 161.0 162.9129 161.39414 163.0987 161.79115 161.0 162.9129 161.39414
45 161.54457 162.7105 162.5747 163.4177 163.1639 161.89566 162.7044 161.21222 162.5376 163.079 162.0668 161.54683 163.4292 162.4928 161.91168 162.0668 162.0668 161.77448 161.98656 161.4555 153.689 140.44 128.9772 117.1747 116.13480000000001 112.0606 110.83988 87.6309 83.0668 77.46534 60.55690000000001 58.72900000000001 55.87317999999999 53.0668 28.0668 27.013599999999997 161.0 161.0 163.6955 163.1171 161.0 161.6611 163.1171 163.6955 161.0 163.4131 161.6611 163.1171 163.6955 161.0 163.4131
46 163.2264 161.77833 163.1066 161.76649 162.2317 162.7555 161.77222 162.894 162.8834 162.1468 162.8642 162.8016 161.753 163.4286 163.4575 162.8642 162.8642 163.4563 162.8854 159.77927 152.75679 139.5078 128.708 117.4845 116.65960000000001 112.92840000000001 112.52170000000001 87.3247 83.86420000000001 78.9425 59.661699999999996 59.82679999999999 57.02099999999999 53.86420000000001 28.86420000000001 27.7894 161.0 161.0 162.2653 161.44091 162.8126 162.7484 161.44091 162.2653 162.8126 161.0 162.7484 161.44091 162.2653 162.8126 161.0
47 161.73179 162.6823 162.5855 163.3894 163.1356 161.86739 162.6761 161.52544 162.0794 163.0507 161.57253 161.22005 163.4009 162.221 162.0989 161.57253 161.57253 161.9617 161.99729 161.4272 153.6607 140.4117 128.9879 116.68038999999999 115.64053999999999 112.37379999999999 111.02709999999999 87.5376 82.57253 77.77855 60.56569999999999 58.4572 55.635909999999996 52.57253 27.57253 26.77636000000001 161.0 161.0 163.6673 163.0888 161.62056 161.0 163.0888 163.6673 161.62056 163.3848 161.0 163.0888 163.6673 161.62056 163.3848
48 163.5389 162.5129 163.7861 162.394 162.9112 163.372 162.5068 163.2066 163.155 162.8264 163.13569999999999 163.07319999999999 162.3806 163.7001 163.9061 163.13569999999999 163.13569999999999 163.7688 163.5019 160.4068 153.4914 140.1873 129.3875 117.756 116.93119999999999 113.6079 112.83420000000001 88.0592 84.13569999999999 79.4597 60.34129999999999 60.0984 57.29259999999999 54.135699999999986 29.135699999999986 28.102000000000004 161.0 161.0 162.8929 161.0 163.1252 163.02 161.0 162.8929 163.1252 162.3895 163.02 161.0 162.8929 163.1252 162.3895
49 163.0926 162.0886 162.7908 161.39872 161.91591 162.6867 162.0825 162.9943 163.2337 161.83104 163.2144 163.1519 161.49124 163.7788 163.2567 163.2144 163.2144 163.3625 162.8166 159.51751 153.067 138.42101 128.3922 117.8347 117.00989999999999 112.61259999999999 112.4279 87.4359 84.21440000000001 78.74170000000001 59.346000000000004 60.177099999999996 57.37119999999999 54.21440000000001 29.214400000000012 27.889700000000005 161.0 161.0 161.0 161.79115 162.9129 163.0987 161.79115 161.0 162.9129 161.39414 163.0987 161.79115 161.0 162.9129 161.39414
50 161.54457 162.7105 162.5747 163.4177 163.1639 161.89566 162.7044 161.21222 162.5376 163.079 162.0668 161.54683 163.4292 162.4928 161.91168 162.0668 162.0668 161.77448 161.98656 161.4555 153.689 140.44 128.9772 117.1747 116.13480000000001 112.0606 110.83988 87.6309 83.0668 77.46534 60.55690000000001 58.72900000000001 55.87317999999999 53.0668 28.0668 27.013599999999997 161.0 161.0 163.6955 163.1171 161.0 161.6611 163.1171 163.6955 161.0 163.4131 161.6611 163.1171 163.6955 161.0 163.4131
51 163.2264 161.77833 163.1066 161.76649 162.2317 162.7555 161.77222 162.894 162.8834 162.1468 162.8642 162.8016 161.753 163.4286 163.4575 162.8642 162.8642 163.4563 162.8854 159.77927 152.75679 139.5078 128.708 117.4845 116.65960000000001 112.92840000000001 112.52170000000001 87.3247 83.86420000000001 78.9425 59.661699999999996 59.82679999999999 57.02099999999999 53.86420000000001 28.86420000000001 27.7894 161.0 161.0 162.2653 161.44091 162.8126 162.7484 161.44091 162.2653 162.8126 161.0 162.7484 161.44091 162.2653 162.8126 161.0
;
param G:
 1 2 3 4 5 6 7 8 9 10 11 12 13 14 15 16 17 18 19 20 21 22 23 24 25 26 27 28 29 30 31 32 33 34 35 36 37 38 39 40 41 42 43 44 45 46 47 48 49 50 51:=
1 3.0 3.0 3.0 3.0 3.0 3.0 3.0 3.0 3.0 3.0 3.0 3.0 3.0 3.0 3.0 3.0 3.0 3.0 2.0 2.0 2.0 2.0 2.0 2.0 2.0 2.0 2.0 2.0 2.0 2.0 2.0 2.0 2.0 2.0 2.0 2.0 3.0 3.0 3.0 3.0 3.0 3.0 3.0 3.0 3.0 3.0 3.0 3.0 3.0 3.0 3.0
2 3.0 3.0 3.0 3.0 3.0 3.0 3.0 3.0 3.0 3.0 3.0 3.0 3.0 3.0 3.0 3.0 3.0 3.0 2.0 2.0 2.0 2.0 2.0 2.0 2.0 2.0 2.0 2.0 2.0 2.0 2.0 2.0 2.0 2.0 2.0 2.0 3.0 3.0 3.0 3.0 3.0 3.0 3.0 3.0 3.0 3.0 3.0 3.0 3.0 3.0 3.0
3 3.0 3.0 3.0 3.0 3.0 3.0 3.0 3.0 3.0 3.0 3.0 3.0 3.0 3.0 3.0 3.0 3.0 3.0 2.0 2.0 2.0 2.0 2.0 2.0 2.0 2.0 2.0 2.0 2.0 2.0 2.0 2.0 2.0 2.0 2.0 2.0 3.0 3.0 3.0 3.0 3.0 3.0 3.0 3.0 3.0 3.0 3.0 3.0 3.0 3.0 3.0
;
