param n := 16.0;
param numVehicles := 4.0;
set Origin := 33 35 36 37 38;
set O := 35 36 37 38;
param Ok := 1 35 2 36 3 37 4 38;
set S := 44 45 46 47 48;
set F := 34 39 40 41 42 43;
param t:
 1 2 3 4 5 6 7 8 9 10 11 12 13 14 15 16 17 18 19 20 21 22 23 24 25 26 27 28 29 30 31 32 33 34 35 36 37 38 39 40 41 42 43 44 45 46 47 48:=
1 0.0 2.6484 3.4146 5.277 5.1214 1.37912 3.3628 6.4044 6.5974 4.9314 7.0988 2.4356 4.1954 4.605 0.7436 5.7422 2.3906 3.878 1.89454 6.0968 3.4412 2.5412 1.57516 6.4044 5.6302 2.7538 6.7842 1.9343 4.0134 2.635 2.0274 3.6606 0.0 0.0 1.02124 1.02124 4.6438 1.6064 5.0154 1.75242 1.02124 4.6438 1.6064 5.0154 1.75242 1.02124 4.6438 1.6064
2 5.3524 0.0 0.92038 3.5208 3.4572 3.2788 3.1826 4.7922 5.363 3.1752 5.4346 2.5192 1.7012 2.8486 3.7434 4.0858 3.5124 1.38378 3.5376 4.8566 3.261 3.6628 3.345 4.7922 3.874 2.4676 5.5498 3.056 1.6852 3.7566 3.1492 1.1663 0.0 0.0 4.021 4.021 2.8876 3.5182 3.3512 3.5222 4.021 2.8876 3.5182 3.3512 3.5222 4.021 2.8876 3.5182
3 4.6226 1.24834 0.0 2.7908 2.7274 2.549 2.4528 4.0622 4.6332 2.4454 4.7048 1.7894 1.85934 2.1188 3.0134 3.356 2.7824 0.65392 2.8078 4.1268 2.531 2.933 2.615 4.0622 3.1442 1.73766 4.82 2.3262 1.52734 3.0268 2.4194 1.52044 0.0 0.0 3.2912 3.2912 2.1578 2.7882 2.6214 2.7924 3.2912 2.1578 2.7882 2.6214 2.7924 3.2912 2.1578 2.7882
4 6.9934 4.1352 4.2394 0.0 1.37424 4.858 3.4956 1.5552 2.4442 2.0702 2.1976 4.3844 2.6942 1.74372 5.3844 1.5269 4.0854 3.6928 4.3968 1.61964 3.574 4.236 4.328 1.5552 0.87302 3.4506 2.631 4.039 2.3622 3.7706 4.1322 3.0274 0.0 0.0 5.662 5.662 1.78266 5.0972 1.2212 4.5052 5.662 1.78266 5.0972 1.2212 4.5052 5.662 1.78266 5.0972
5 6.1512 3.2932 3.5554 1.74966 0.0 4.0158 2.8236 2.705 3.594 0.93608 3.3474 3.5422 2.5242 0.60958 4.5422 2.1248 3.4132 2.8508 3.6786 2.7696 2.9018 3.5638 3.4858 2.705 2.0228 2.6084 3.7808 3.197 2.1922 3.6576 3.2902 2.1852 0.0 0.0 4.8198 4.8198 0.64852 4.255 1.70906 3.663 4.8198 0.64852 4.255 1.70906 3.663 4.8198 0.64852 4.255
6 2.6772 3.2392 4.0052 5.0556 4.9 0.0 3.1416 6.183 6.376 4.71 6.8774 2.2142 4.124 4.3836 1.33426 5.5208 2.1692 4.4506 1.67318 5.8754 3.2198 2.3198 1.3538 6.183 5.4088 2.5324 6.5628 1.71294 3.7922 2.4136 1.80614 3.7852 0.0 0.0 1.61188 1.61188 4.4226 1.38506 4.794 1.53106 1.61188 4.4226 1.38506 4.794 1.53106 1.61188 4.4226 1.38506
7 4.9912 4.241 5.0072 4.5976 3.474 3.6378 0.0 4.757 4.95 3.784 5.4514 3.1642 5.074 3.4576 3.6482 4.0948 0.7432 5.4006 1.4965 4.4494 0.078326 0.89374 2.0998 4.757 4.8708 3.4824 5.1368 1.8109 4.742 0.98752 1.6241 4.7352 0.0 0.0 3.9258 3.9258 3.4964 2.919 3.368 2.277 3.9258 3.4964 2.919 3.368 2.277 3.9258 3.4964 2.919
8 7.3384 4.4802 4.5844 1.48278 1.60922 5.203 3.3846 0.0 2.4092 2.3052 2.1626 4.7294 3.0392 1.9787 5.7294 1.49188 3.9744 4.0378 4.2856 1.58462 3.463 4.125 4.673 0.0 1.756 3.7956 2.5958 4.384 2.7072 3.6596 4.4132 3.3724 0.0 0.0 6.007 6.007 2.0176 5.4422 1.11018 4.8502 6.007 2.0176 5.4422 1.11018 4.8502 6.007 2.0176 5.4422
9 8.0982 5.676 5.7802 2.6784 2.805 5.9626 4.0404 1.73988 0.0 3.501 1.7343 5.489 4.235 3.1744 6.489 1.71158 4.63 5.2336 4.9414 1.43232 4.1186 4.7806 5.4326 1.73988 2.3216 4.9912 1.6774 5.1438 3.903 4.3154 5.069 4.568 0.0 0.0 6.7668 6.7668 3.2134 6.2018 2.3058 5.6098 6.7668 3.2134 6.2018 2.3058 5.6098 6.7668 3.2134 6.2018
10 5.9946 3.1364 3.9026 2.485 1.95342 3.8592 2.0408 3.2884 3.8594 0.0 3.9308 3.3856 3.2594 1.3449 4.3856 2.5822 2.6306 3.586 3.3838 3.3528 2.1192 2.7812 3.3292 3.2884 2.7582 2.4518 4.0462 3.0402 2.9274 2.875 3.1334 2.9206 0.0 0.0 4.6632 4.6632 1.38386 4.0984 1.84742 3.5064 4.6632 1.38386 4.0984 1.84742 3.5064 4.6632 1.38386 4.0984
11 8.4498 6.0276 6.1318 3.03 3.1566 6.3142 4.392 2.0914 1.72044 3.8526 0.0 5.8406 4.5866 3.526 6.8406 2.0632 4.9816 5.5852 5.293 1.78394 4.4702 5.1322 5.7842 2.0914 2.6734 5.3428 1.30102 5.4954 4.2546 4.667 5.4206 4.9196 0.0 0.0 7.1184 7.1184 3.565 6.5534 2.6574 5.9616 7.1184 3.565 6.5534 2.6574 5.9616 7.1184 3.565 6.5534
12 4.1008 2.5686 3.3348 3.6872 3.0056 1.96524 1.273 4.3366 4.5294 2.8736 4.983 0.0 3.4016 2.547 2.4918 3.6342 1.60272 3.7282 1.62804 4.029 1.35132 1.75326 1.43528 4.3366 3.9604 0.5579 4.7162 1.14642 3.0696 1.84704 1.23962 3.0626 0.0 0.0 2.7694 2.7694 2.586 2.2046 2.8996 1.61254 2.7694 2.586 2.2046 2.8996 1.61254 2.7694 2.586 2.2046
13 4.8134 2.8438 1.92932 2.5622 3.0348 3.8398 3.7342 3.9776 4.8666 2.6808 4.6202 3.2982 0.0 2.3542 3.2042 3.4654 4.0638 2.2494 4.0892 4.0422 3.8124 4.2144 3.8964 3.9776 2.9156 3.019 5.0534 3.6076 0.35872 4.3082 3.7008 1.58382 0.0 0.0 3.482 3.482 3.4392 4.079 3.0496 4.0736 3.482 3.4392 4.079 3.0496 4.0736 3.482 3.4392 4.079
14 5.6434 2.7852 3.0474 1.49174 1.87018 3.5078 2.3156 2.8812 3.77 0.42818 3.5236 3.0342 2.0162 0.0 4.0344 2.3008 2.9054 2.3428 3.1706 2.9456 2.394 3.0558 2.978 2.8812 1.84498 2.1006 3.9568 2.689 1.6842 3.1496 2.7822 1.6773 0.0 0.0 4.312 4.312 1.65862 3.7472 1.88514 3.1552 4.312 1.65862 3.7472 1.88514 3.1552 4.312 1.65862 3.7472
15 3.3502 2.972 3.7382 4.7366 4.581 0.82664 2.8224 5.864 6.0568 4.391 6.5584 1.89504 3.805 4.0644 0.0 5.2016 1.85012 4.1316 1.87544 5.5564 2.9008 2.0006 1.68268 5.864 5.0898 2.2132 6.2436 1.39382 3.473 2.0944 1.48702 3.466 0.0 0.0 0.27764 0.27764 4.1034 1.06592 4.475 1.85994 0.27764 4.1034 1.06592 4.475 1.85994 0.27764 4.1034 1.06592
16 7.2806 4.6204 4.8826 2.023 1.5674 5.145 3.2228 1.08434 2.0812 2.2634 1.97078 4.6714 3.4654 1.93688 5.6716 0.0 3.8126 4.178 4.1238 1.25678 3.3012 3.9632 4.6152 1.08434 2.2962 3.9358 2.268 4.3262 3.1334 3.4978 4.2514 3.5126 0.0 0.0 5.9492 5.9492 1.97584 5.3844 1.08438 4.7924 5.9492 1.97584 5.3844 1.08438 4.7924 5.9492 1.97584 5.3844
17 4.3224 3.7722 4.5384 4.4488 3.2432 3.1688 1.56662 4.5262 4.719 3.6352 5.2206 2.6952 4.6052 3.3086 2.9794 3.8638 0.0 4.9318 0.82766 4.2186 1.64496 1.46888 1.4309 4.5262 4.722 3.0136 4.9058 1.14206 4.2732 0.31866 0.95526 4.2664 0.0 0.0 3.257 3.257 3.3476 2.2502 3.1372 1.60816 3.257 3.3476 2.2502 3.1372 1.60816 3.257 3.3476 2.2502
18 4.1216 0.74744 1.51362 4.114 4.0504 2.0482 2.3218 5.3854 5.5784 3.7684 6.0278 1.2885 2.2944 3.442 2.5126 4.6792 2.6516 0.0 2.6768 5.0778 2.4002 2.8022 2.4842 5.3854 4.4672 1.60676 5.765 2.1952 2.2784 2.8958 2.2884 1.75954 0.0 0.0 2.7902 2.7902 3.4808 2.2874 3.9444 2.6614 2.7902 3.4808 2.2874 3.9444 2.6614 2.7902 3.4808 2.2874
19 3.629 3.3562 4.1224 4.7568 3.6332 2.7528 1.87462 4.9162 5.109 3.9432 5.6106 2.2792 4.1892 3.6166 2.286 4.2538 0.90234 4.5158 0.0 4.6086 1.95294 1.05288 0.73752 4.9162 5.03 2.5976 5.2958 0.72604 3.8572 1.14666 0.53924 3.8502 0.0 0.0 2.5636 2.5636 3.6556 1.55676 3.5272 0.91478 2.5636 3.6556 1.55676 3.5272 0.91478 2.5636 3.6556 1.55676
20 8.373 5.5148 5.619 2.5172 2.6438 6.2374 4.4192 1.61068 2.4176 3.3398 1.35312 5.7638 4.0738 3.0132 6.7638 1.5824 5.0088 5.0724 5.3202 0.0 4.4974 5.1594 5.7074 1.61068 1.9405 4.83 1.99822 5.4186 3.7418 4.6942 5.4478 4.4068 0.0 0.0 7.0416 7.0416 3.0522 6.4766 2.1446 5.8846 7.0416 3.0522 6.4766 2.1446 5.8846 7.0416 3.0522 6.4766
21 4.913 4.1628 4.929 4.5192 3.3958 3.5594 1.63714 4.6786 4.8716 3.7058 5.3732 3.0858 4.9958 3.3792 3.5698 4.0164 0.66486 5.3224 1.41818 4.3712 0.0 0.8154 2.0214 4.6786 4.7924 3.404 5.0584 1.73258 4.6638 0.90918 1.54578 4.6568 0.0 0.0 3.8476 3.8476 3.4182 2.8406 3.2898 2.1986 3.8476 3.4182 2.8406 3.2898 2.1986 3.8476 3.4182 2.8406
22 4.9792 3.535 4.3012 3.8916 2.768 2.9316 1.00938 4.051 4.2438 3.078 4.7454 2.458 4.368 2.7514 3.4582 3.3886 1.5991 4.6946 1.48442 3.7434 1.08772 0.0 2.0876 4.051 4.1648 2.7762 4.4306 1.7988 4.036 0.85836 1.612 4.029 0.0 0.0 3.7358 3.7358 2.7904 2.907 2.662 2.265 3.7358 2.7904 2.907 2.662 2.265 3.7358 2.7904 2.907
23 5.0284 4.8622 5.6284 5.5288 4.3232 4.259 2.6466 5.6062 5.7992 4.7152 6.3006 3.7854 5.6952 4.3888 3.6854 4.944 2.5184 6.0218 1.69234 5.2986 2.725 2.669 0.0 5.6062 5.802 4.1036 5.986 2.342 5.3632 1.78566 2.1552 5.3564 0.0 0.0 3.963 3.963 4.4276 2.9562 4.2172 0.17726 3.963 4.4276 2.9562 4.2172 0.17726 3.963 4.4276 2.9562
24 7.3384 4.4802 4.5844 1.48278 1.60922 5.203 3.3846 0.0 2.4092 2.3052 2.1626 4.7294 3.0392 1.9787 5.7294 1.49188 3.9744 4.0378 4.2856 1.58462 3.463 4.125 4.673 0.0 1.756 3.7956 2.5958 4.384 2.7072 3.6596 4.4132 3.3724 0.0 0.0 6.007 6.007 2.0176 5.4422 1.11018 4.8502 6.007 2.0176 5.4422 1.11018 4.8502 6.007 2.0176 5.4422
25 8.3918 5.5336 5.6378 2.4282 3.5326 6.2564 5.496 3.7136 4.2686 3.6086 2.672 5.7826 4.0926 3.282 6.7828 3.6852 5.8938 5.0912 5.919 3.778 5.5744 6.0444 5.7264 3.7136 0.0 4.849 3.8492 5.4374 3.7606 5.929 5.5306 4.4258 0.0 0.0 7.0604 7.0604 3.941 6.4956 3.3796 5.9036 7.0604 3.941 6.4956 3.3796 5.9036 7.0604 3.941 6.4956
26 3.7118 2.1796 2.9458 3.9442 3.8686 1.57626 2.136 5.1996 5.3924 3.5986 5.846 1.10264 3.0126 3.272 2.1028 4.4972 1.21372 3.3392 1.23904 4.892 2.2144 1.36426 1.04628 5.1996 4.2974 0.0 5.5792 0.75742 2.6806 1.45804 0.85062 2.6736 0.0 0.0 2.3804 2.3804 3.311 1.81554 3.7626 1.22354 2.3804 3.311 1.81554 3.7626 1.22354 2.3804 3.311 1.81554
27 8.4346 6.1984 6.3026 3.201 3.1914 6.299 4.3768 2.2624 0.87528 3.8874 2.4848 5.8254 4.7574 3.5608 6.8256 2.234 4.9666 5.756 5.2778 1.95478 4.4552 5.117 5.769 2.2624 3.0722 5.5138 0.0 5.4802 4.4254 4.6518 5.4054 5.0904 0.0 0.0 7.1032 7.1032 3.5998 6.5384 2.8284 5.9464 7.1032 3.5998 6.5384 2.8284 5.9464 7.1032 3.5998 6.5384
28 3.3676 3.2014 3.9676 4.966 4.3524 2.598 2.5938 5.6354 5.8282 4.6204 6.3298 2.1244 4.0344 4.2938 2.0246 4.973 1.62152 4.361 0.79546 5.3278 2.6722 1.77206 0.47608 5.6354 5.3192 2.4428 6.015 0.0 3.7024 1.86584 1.25842 3.6954 0.0 0.0 2.3022 2.3022 4.3328 1.29534 4.2464 0.65334 2.3022 4.3328 1.29534 4.2464 0.65334 2.3022 4.3328 1.29534
29 5.076 2.5118 2.192 2.2302 2.7028 3.8124 3.4022 3.6456 4.5346 2.3488 4.2882 3.0528 0.35872 2.0222 3.4668 3.1334 3.7318 1.91732 3.7572 3.7102 3.4804 3.8824 3.5644 3.6456 2.5836 2.687 4.7214 3.2756 0.0 3.9762 3.3688 1.25184 0.0 0.0 3.7446 3.7446 3.1072 4.0516 2.7176 3.7416 3.7446 3.1072 4.0516 2.7176 3.7416 3.7446 3.1072 4.0516
30 4.1854 3.6352 4.4014 4.1946 2.9892 3.0318 1.31256 4.272 4.465 3.3812 4.9666 2.5582 4.4682 3.0546 2.8424 3.6098 1.18134 4.7948 0.69066 3.9646 1.3909 1.33188 1.2939 4.272 4.468 2.8766 4.6518 1.00504 4.1362 0.0 0.81824 4.1292 0.0 0.0 3.12 3.12 3.0936 2.1132 2.8832 1.47116 3.12 3.0936 2.1132 2.8832 1.47116 3.12 3.0936 2.1132
31 4.5004 2.9682 3.7344 4.4848 3.8032 2.365 2.0706 5.1342 5.3272 3.6712 5.7806 1.89132 3.8012 3.3448 2.8914 4.432 2.0024 4.1278 2.0278 4.8266 2.149 2.153 1.83496 5.1342 4.758 2.2096 5.514 1.5461 3.4692 2.2468 0.0 3.4624 0.0 0.0 3.169 3.169 3.3836 2.6042 3.6972 2.0122 3.169 3.3836 2.6042 3.6972 2.0122 3.169 3.3836 2.6042
32 4.3508 2.5246 1.46688 4.0672 4.0036 3.3774 3.7292 5.3386 5.9096 3.7216 5.981 2.8358 2.2476 3.3952 2.7418 4.6324 4.0588 1.93028 4.0842 5.403 3.8074 4.2094 3.8914 5.3386 4.4204 3.014 6.0964 3.6026 2.2316 4.3032 3.6958 0.0 0.0 0.0 3.0194 3.0194 3.434 3.6166 3.8976 4.0686 3.0194 3.434 3.6166 3.8976 4.0686 3.0194 3.434 3.6166
33 0.0 0.0 0.0 0.0 0.0 0.0 0.0 0.0 0.0 0.0 0.0 0.0 0.0 0.0 0.0 0.0 0.0 0.0 0.0 0.0 0.0 0.0 0.0 0.0 0.0 0.0 0.0 0.0 0.0 0.0 0.0 0.0 0.0 0.0 0.0 0.0 0.0 0.0 0.0 0.0 0.0 0.0 0.0 0.0 0.0 0.0 0.0 0.0
34 0.0 0.0 0.0 0.0 0.0 0.0 0.0 0.0 0.0 0.0 0.0 0.0 0.0 0.0 0.0 0.0 0.0 0.0 0.0 0.0 0.0 0.0 0.0 0.0 0.0 0.0 0.0 0.0 0.0 0.0 0.0 0.0 0.0 0.0 0.0 0.0 0.0 0.0 0.0 0.0 0.0 0.0 0.0 0.0 0.0 0.0 0.0 0.0
35 3.0726 2.6944 3.4606 4.4588 4.3034 0.54902 2.5448 5.5862 5.7792 4.1134 6.2808 1.6174 3.5274 3.7868 1.7295 4.924 1.57248 3.854 1.5978 5.2788 2.623 1.72302 1.40504 5.5862 4.8122 1.93566 5.966 1.11618 3.1954 1.8168 1.20938 3.1884 0.0 0.0 0.0 0.0 3.8258 0.78828 4.1974 1.5823 0.0 3.8258 0.78828 4.1974 1.5823 0.0 3.8258 0.78828
36 3.0726 2.6944 3.4606 4.4588 4.3034 0.54902 2.5448 5.5862 5.7792 4.1134 6.2808 1.6174 3.5274 3.7868 1.7295 4.924 1.57248 3.854 1.5978 5.2788 2.623 1.72302 1.40504 5.5862 4.8122 1.93566 5.966 1.11618 3.1954 1.8168 1.20938 3.1884 0.0 0.0 0.0 0.0 3.8258 0.78828 4.1974 1.5823 0.0 3.8258 0.78828 4.1974 1.5823 0.0 3.8258 0.78828
37 6.7224 3.8642 4.1264 1.3628 1.30724 4.587 3.4726 2.3182 3.2072 1.58524 2.9606 4.1134 2.4232 1.25872 5.1134 1.73794 4.0624 3.4218 4.2498 2.3826 3.551 4.213 4.057 2.3182 1.63602 3.1796 3.394 3.768 2.0912 3.8536 3.8612 2.7564 0.0 0.0 5.391 5.391 0.0 4.8262 1.3222 4.2342 5.391 0.0 4.8262 1.3222 4.2342 5.391 0.0 4.8262
38 3.596 3.3258 4.092 4.7264 3.6028 2.7226 1.84428 4.8858 5.0788 3.9128 5.5802 2.249 4.1588 3.5864 2.253 4.2236 0.872 4.4854 0.89732 4.5782 1.92262 1.02254 0.70456 4.8858 4.9996 2.5672 5.2656 0.4157 3.8268 1.11632 0.5089 3.82 0.0 0.0 2.5306 2.5306 3.6252 0.0 3.4968 0.88182 2.5306 3.6252 0.0 3.4968 0.88182 2.5306 3.6252 0.0
39 6.6658 3.8858 4.148 1.73722 0.8327 4.5304 2.6082 1.77464 2.6636 1.5287 2.417 4.0568 3.0496 1.20218 5.0568 1.08438 3.1978 3.4434 3.5092 1.83908 2.6864 3.3484 4.0004 1.77464 2.0104 3.201 2.8504 3.7116 2.7176 2.8832 3.6368 2.7778 0.0 0.0 5.3346 5.3346 1.24112 4.7696 0.0 4.1776 5.3346 1.24112 4.7696 0.0 4.1776 5.3346 1.24112 4.7696
40 4.8512 4.685 5.4512 5.3516 4.146 4.0816 2.4694 5.429 5.6218 4.538 6.1234 3.608 5.518 4.2114 3.5082 4.7666 2.3412 5.8446 1.51508 5.1214 2.5478 2.4916 1.9597 5.429 5.6248 3.9264 5.8086 2.1648 5.186 1.6084 1.97804 5.179 0.0 0.0 3.7858 3.7858 4.2504 2.779 4.04 0.0 3.7858 4.2504 2.779 4.04 0.0 3.7858 4.2504 2.779
41 3.0726 2.6944 3.4606 4.4588 4.3034 0.54902 2.5448 5.5862 5.7792 4.1134 6.2808 1.6174 3.5274 3.7868 1.7295 4.924 1.57248 3.854 1.5978 5.2788 2.623 1.72302 1.40504 5.5862 4.8122 1.93566 5.966 1.11618 3.1954 1.8168 1.20938 3.1884 0.0 0.0 0.0 0.0 3.8258 0.78828 4.1974 1.5823 0.0 3.8258 0.78828 4.1974 1.5823 0.0 3.8258 0.78828
42 6.7224 3.8642 4.1264 1.3628 1.30724 4.587 3.4726 2.3182 3.2072 1.58524 2.9606 4.1134 2.4232 1.25872 5.1134 1.73794 4.0624 3.4218 4.2498 2.3826 3.551 4.213 4.057 2.3182 1.63602 3.1796 3.394 3.768 2.0912 3.8536 3.8612 2.7564 0.0 0.0 5.391 5.391 0.0 4.8262 1.3222 4.2342 5.391 0.0 4.8262 1.3222 4.2342 5.391 0.0 4.8262
43 3.596 3.3258 4.092 4.7264 3.6028 2.7226 1.84428 4.8858 5.0788 3.9128 5.5802 2.249 4.1588 3.5864 2.253 4.2236 0.872 4.4854 0.89732 4.5782 1.92262 1.02254 0.70456 4.8858 4.9996 2.5672 5.2656 0.4157 3.8268 1.11632 0.5089 3.82 0.0 0.0 2.5306 2.5306 3.6252 0.0 3.4968 0.88182 2.5306 3.6252 0.0 3.4968 0.88182 2.5306 3.6252 0.0
44 6.6658 3.8858 4.148 1.73722 0.8327 4.5304 2.6082 1.77464 2.6636 1.5287 2.417 4.0568 3.0496 1.20218 5.0568 1.08438 3.1978 3.4434 3.5092 1.83908 2.6864 3.3484 4.0004 1.77464 2.0104 3.201 2.8504 3.7116 2.7176 2.8832 3.6368 2.7778 0.0 0.0 5.3346 5.3346 1.24112 4.7696 0.0 4.1776 5.3346 1.24112 4.7696 0.0 4.1776 5.3346 1.24112 4.7696
45 4.8512 4.685 5.4512 5.3516 4.146 4.0816 2.4694 5.429 5.6218 4.538 6.1234 3.608 5.518 4.2114 3.5082 4.7666 2.3412 5.8446 1.51508 5.1214 2.5478 2.4916 1.9597 5.429 5.6248 3.9264 5.8086 2.1648 5.186 1.6084 1.97804 5.179 0.0 0.0 3.7858 3.7858 4.2504 2.779 4.04 0.0 3.7858 4.2504 2.779 4.04 0.0 3.7858 4.2504 2.779
46 3.0726 2.6944 3.4606 4.4588 4.3034 0.54902 2.5448 5.5862 5.7792 4.1134 6.2808 1.6174 3.5274 3.7868 1.7295 4.924 1.57248 3.854 1.5978 5.2788 2.623 1.72302 1.40504 5.5862 4.8122 1.93566 5.966 1.11618 3.1954 1.8168 1.20938 3.1884 0.0 0.0 0.0 0.0 3.8258 0.78828 4.1974 1.5823 0.0 3.8258 0.78828 4.1974 1.5823 0.0 3.8258 0.78828
47 6.7224 3.8642 4.1264 1.3628 1.30724 4.587 3.4726 2.3182 3.2072 1.58524 2.9606 4.1134 2.4232 1.25872 5.1134 1.73794 4.0624 3.4218 4.2498 2.3826 3.551 4.213 4.057 2.3182 1.63602 3.1796 3.394 3.768 2.0912 3.8536 3.8612 2.7564 0.0 0.0 5.391 5.391 0.0 4.8262 1.3222 4.2342 5.391 0.0 4.8262 1.3222 4.2342 5.391 0.0 4.8262
48 3.596 3.3258 4.092 4.7264 3.6028 2.7226 1.84428 4.8858 5.0788 3.9128 5.5802 2.249 4.1588 3.5864 2.253 4.2236 0.872 4.4854 0.89732 4.5782 1.92262 1.02254 0.70456 4.8858 4.9996 2.5672 5.2656 0.4157 3.8268 1.11632 0.5089 3.82 0.0 0.0 2.5306 2.5306 3.6252 0.0 3.4968 0.88182 2.5306 3.6252 0.0 3.4968 0.88182 2.5306 3.6252 0.0
;
param arr := 1 0.0 2 0.0 3 0.0 4 0.0 5 0.0 6 0.0 7 0.0 8 0.0 9 0.0 10 0.0 11 0.0 12 0.0 13 0.0 14 0.0 15 0.0 16 0.0 17 0.0 18 1.0 19 2.0 20 13.0 21 23.0 22 25.0 23 29.0 24 31.0 25 31.0 26 38.0 27 49.0 28 52.0 29 54.0 30 61.0 31 71.0 32 74.0 33 0.0 34 0.0 35 0.0 36 0.0 37 0.0 38 0.0 39 0.0 40 0.0 41 0.0 42 0.0 43 0.0 44 0.0 45 0.0 46 0.0 47 0.0 48 0.0;
param dep := 1 93.0 2 93.0 3 93.0 4 93.0 5 93.0 6 93.0 7 93.0 8 93.0 9 93.0 10 93.0 11 93.0 12 93.0 13 93.0 14 93.0 15 93.0 16 93.0 17 15.0 18 16.0 19 17.0 20 28.0 21 38.0 22 40.0 23 44.0 24 46.0 25 46.0 26 53.0 27 64.0 28 67.0 29 69.0 30 76.0 31 86.0 32 89.0 33 93.0 34 93.0 35 93.0 36 93.0 37 93.0 38 93.0 39 93.0 40 93.0 41 93.0 42 93.0 43 93.0 44 93.0 45 93.0 46 93.0 47 93.0 48 93.0;
param d := 1 0.6 2 0.6 3 0.6 4 0.6 5 0.6 6 0.6 7 0.6 8 0.6 9 0.6 10 0.6 11 0.6 12 0.6 13 0.6 14 0.6 15 0.6 16 0.6 17 0.6 18 0.6 19 0.6 20 0.6 21 0.6 22 0.6 23 0.6 24 0.6 25 0.6 26 0.6 27 0.6 28 0.6 29 0.6 30 0.6 31 0.6 32 0.6 33 0.0 34 0.0 35 0.0 36 0.0 37 0.0 38 0.0 39 0.0 40 0.0 41 0.0 42 0.0 43 0.0 44 0.0 45 0.0 46 0.0 47 0.0 48 0.0;
param l := 1 1.0 2 1.0 3 1.0 4 1.0 5 1.0 6 1.0 7 1.0 8 1.0 9 1.0 10 1.0 11 1.0 12 1.0 13 1.0 14 1.0 15 1.0 16 1.0 17 -1.0 18 -1.0 19 -1.0 20 -1.0 21 -1.0 22 -1.0 23 -1.0 24 -1.0 25 -1.0 26 -1.0 27 -1.0 28 -1.0 29 -1.0 30 -1.0 31 -1.0 32 -1.0 33 0.0 34 0.0 35 0.0 36 0.0 37 0.0 38 0.0 39 0.0 40 0.0 41 0.0 42 0.0 43 0.0 44 0.0 45 0.0 46 0.0 47 0.0 48 0.0;
param u := 1 8 2 8 3 8 4 8 5 8 6 8 7 8 8 8 9 8 10 8 11 8 12 8 13 8 14 8 15 8 16 8;
param c := 1 3 2 3 3 3 4 3;
param Q := 3.5;
param Binit := 1 3.5 2 3.5 3 3.5 4 3.5;
param r := 0.0;
param beta:
 1 2 3 4 5 6 7 8 9 10 11 12 13 14 15 16 17 18 19 20 21 22 23 24 25 26 27 28 29 30 31 32 33 34 35 36 37 38 39 40 41 42 43 44 45 46 47 48:=
1 0.0 0.24616877999999998 0.31738707 0.49049714999999994 0.47603413 0.12818920399999997 0.31257226 0.59528898 0.61322833 0.45837363 0.6598334599999999 0.22638901999999997 0.38996242999999997 0.42803475 0.06911761999999999 0.53373749 0.22220626999999998 0.36046009999999995 0.17609749299999997 0.5666975599999999 0.31985953999999994 0.23620453999999996 0.14641112199999998 0.59528898 0.52332709 0.25596570999999996 0.63059139 0.17979318499999997 0.37304552999999996 0.24492324999999995 0.18844682999999998 0.34025277 0.0 0.0 0.09492425799999998 0.09492425799999998 0.43164120999999994 0.14931487999999998 0.4661814299999999 0.162887439 0.09492425799999998 0.43164120999999994 0.14931487999999998 0.4661814299999999 0.162887439 0.09492425799999998 0.43164120999999994 0.14931487999999998
2 0.49750558 0.0 0.08554932099999998 0.32725835999999997 0.32134673999999996 0.30476445999999996 0.29582266999999995 0.44543499 0.49849085 0.29513483999999995 0.5051460699999999 0.23415963999999997 0.15812653999999998 0.26477736999999996 0.34794902999999994 0.37977510999999997 0.32647758 0.128622351 0.32881991999999993 0.45142097 0.30310994999999996 0.34045725999999993 0.31091775 0.44543499 0.3600883 0.22936341999999998 0.51585391 0.28405519999999995 0.15663934 0.34917597 0.29271813999999996 0.10840758499999997 0.0 0.0 0.37375194999999994 0.37375194999999994 0.26840242 0.32701669 0.31149403999999997 0.32738849 0.37375194999999994 0.26840242 0.32701669 0.31149403999999997 0.32738849 0.37375194999999994 0.26840242 0.32701669
3 0.42967067 0.11603320299999999 0.0 0.25940485999999996 0.25351182999999994 0.23692954999999996 0.22798775999999996 0.37758148999999996 0.43065594 0.22729992999999996 0.4373111599999999 0.16632473 0.172825653 0.19694245999999996 0.28009553 0.31194019999999995 0.25862408 0.06078186399999999 0.26098500999999996 0.38358606 0.23525644999999998 0.27262234999999996 0.24306425 0.37758148999999996 0.29225339 0.16151549699999998 0.448019 0.21622028999999998 0.141966253 0.28134106 0.22488323 0.14132489799999998 0.0 0.0 0.30591704 0.30591704 0.20056750999999998 0.25916318999999993 0.24365912999999997 0.25955358 0.30591704 0.20056750999999998 0.25916318999999993 0.24365912999999997 0.25955358 0.30591704 0.20056750999999998 0.25916318999999993
4 0.65003653 0.38436684 0.39405222999999995 0.0 0.12773560799999997 0.4515510999999999 0.32491601999999997 0.14455584 0.22718838999999996 0.19242508999999997 0.20426692 0.40752998 0.25042589 0.16207877399999998 0.5004799799999999 0.14192535499999998 0.37973792999999995 0.34324575999999996 0.4086825599999999 0.15054553799999998 0.3322033 0.3937361999999999 0.40228759999999997 0.14455584 0.081147209 0.32073326999999996 0.24455144999999995 0.3754250499999999 0.21956648999999998 0.35047726999999995 0.38408799 0.28139683 0.0 0.0 0.5262828999999999 0.5262828999999999 0.16569824699999997 0.4737847399999999 0.11351054 0.41875834 0.5262828999999999 0.16569824699999997 0.4737847399999999 0.11351054 0.41875834 0.5262828999999999 0.16569824699999997 0.4737847399999999
5 0.57175404 0.30610294 0.33047443 0.162630897 0.0 0.37326860999999995 0.26245361999999994 0.25142975 0.3340623 0.087008636 0.31114083 0.32924749 0.23462439 0.056660460999999995 0.42219749 0.19750015999999998 0.31725693999999993 0.26498185999999996 0.34192586999999997 0.25743432 0.26972230999999997 0.33125520999999997 0.32400510999999993 0.25142975 0.18801926 0.24245077999999998 0.35142535999999996 0.29716115 0.20376499 0.33997392 0.30582409 0.20311433999999998 0.0 0.0 0.44800040999999996 0.44800040999999996 0.06027993399999999 0.39550224999999994 0.158857127 0.34047584999999997 0.44800040999999996 0.06027993399999999 0.39550224999999994 0.158857127 0.34047584999999997 0.44800040999999996 0.06027993399999999 0.39550224999999994
6 0.24884573999999998 0.30108363999999993 0.37228334 0.46991801999999994 0.455455 0.0 0.29201172 0.57470985 0.5926492 0.4377945 0.6392543299999999 0.20580988999999997 0.38332579999999994 0.40745562 0.124019467 0.51315836 0.20162713999999998 0.41368326999999994 0.15552208099999998 0.5461184299999999 0.29928041 0.21562540999999996 0.12583571 0.57470985 0.50274796 0.23538657999999998 0.61001226 0.15921777299999998 0.35248498999999994 0.22434412 0.167880713 0.35183433999999997 0.0 0.0 0.149824246 0.149824246 0.41108067 0.128741327 0.4456022999999999 0.142312027 0.149824246 0.41108067 0.128741327 0.4456022999999999 0.142312027 0.149824246 0.41108067 0.128741327
7 0.46393204 0.39420094999999994 0.46541923999999996 0.42734691999999996 0.3229083 0.33813350999999997 0.0 0.44216314999999995 0.46010249999999997 0.35172279999999995 0.50670763 0.29411239 0.47162829999999994 0.32138391999999993 0.33910018999999997 0.38061165999999996 0.06908043999999999 0.5019857699999999 0.13909967499999998 0.4135717299999999 0.0072804016999999995 0.083073133 0.19517641 0.44216314999999995 0.45274085999999997 0.32368907999999996 0.47746555999999996 0.16832315499999997 0.44076889999999996 0.09178998399999999 0.150960095 0.4401368399999999 0.0 0.0 0.36490311 0.36490311 0.32499037999999997 0.27132104999999995 0.31305559999999993 0.21164714999999998 0.36490311 0.32499037999999997 0.27132104999999995 0.31305559999999993 0.21164714999999998 0.36490311 0.32499037999999997 0.27132104999999995
8 0.6821042799999999 0.41643458999999994 0.4261199799999999 0.13782440099999999 0.149576999 0.48361885 0.31459856999999997 0.0 0.22393513999999995 0.21426834 0.20101366999999998 0.43959772999999996 0.28249364 0.18392016499999997 0.53254773 0.138670246 0.36942048 0.37531350999999996 0.3983465199999999 0.14729042899999997 0.32188585 0.38341875 0.43435535 0.0 0.16322019999999998 0.35280101999999997 0.24127960999999998 0.4074928 0.25163423999999995 0.34015982 0.41020693999999996 0.31346457999999994 0.0 0.0 0.55835065 0.55835065 0.18753591999999997 0.5058524899999999 0.10319123099999998 0.45082608999999996 0.55835065 0.18753591999999997 0.5058524899999999 0.10319123099999998 0.45082608999999996 0.55835065 0.18753591999999997 0.5058524899999999
9 0.75272769 0.5275842 0.53726959 0.24895727999999998 0.26072475 0.55422367 0.37555518 0.161721846 0.0 0.32541794999999996 0.16120318499999997 0.5102025499999999 0.39364325 0.29506047999999996 0.6031525499999999 0.159091361 0.4303584999999999 0.48646311999999997 0.45930312999999995 0.13313414399999998 0.38282386999999996 0.44435676999999996 0.5049601699999999 0.161721846 0.21579272 0.46393204 0.15591433 0.47811620999999993 0.36278384999999996 0.40111642999999997 0.47116354999999993 0.4245955999999999 0.0 0.0 0.6289740599999999 0.6289740599999999 0.29868553 0.57645731 0.21432410999999998 0.52143091 0.6289740599999999 0.29868553 0.57645731 0.21432410999999998 0.52143091 0.6289740599999999 0.29868553 0.57645731
10 0.55719807 0.29152838 0.36274667 0.23098074999999996 0.18157038899999997 0.35871263999999997 0.18969235999999998 0.30565678 0.35873122999999996 0.0 0.36536786 0.31469152 0.30296122999999997 0.125008455 0.40764152 0.24001548999999997 0.24451426999999995 0.33331869999999997 0.31452420999999997 0.31164275999999996 0.19697964 0.25851254 0.30944914 0.30565678 0.25637468999999996 0.22789480999999998 0.37609428999999994 0.28258658999999997 0.27210183 0.26723125 0.29124953 0.27146976999999994 0.0 0.0 0.43344443999999993 0.43344443999999993 0.128629787 0.38094627999999997 0.17171768899999998 0.32591988 0.43344443999999993 0.128629787 0.38094627999999997 0.17171768899999998 0.32591988 0.43344443999999993 0.128629787 0.38094627999999997
11 0.7854089099999999 0.5602654199999999 0.5699508099999999 0.28163849999999996 0.29340596999999996 0.5869048899999999 0.4082364 0.19439562999999999 0.15991489799999997 0.35809916999999997 0.0 0.54288377 0.42632446999999996 0.32774169999999997 0.63583377 0.19177444 0.46303972 0.51914434 0.49198434999999996 0.16581722299999999 0.41550508999999997 0.47703798999999997 0.53764139 0.19439562999999999 0.24849253 0.49661326 0.120929809 0.51079743 0.39546507 0.4337976499999999 0.5038447699999999 0.45727682 0.0 0.0 0.66165528 0.66165528 0.33136675 0.60913853 0.24700532999999997 0.55413072 0.66165528 0.33136675 0.60913853 0.24700532999999997 0.55413072 0.66165528 0.33136675 0.60913853
12 0.3811693599999999 0.23875136999999996 0.30996966 0.34272523999999993 0.27937051999999996 0.182669058 0.11832534999999998 0.40308696999999993 0.42100772999999997 0.26710111999999997 0.46316984999999994 0.0 0.31617871999999997 0.23674365 0.23161280999999997 0.33779888999999996 0.14897282399999998 0.34653618999999997 0.151326318 0.37449554999999995 0.125605194 0.16296551699999998 0.13340927599999997 0.40308696999999993 0.36811917999999993 0.05185680499999999 0.43837078999999995 0.10655973899999999 0.28531932 0.17168236799999997 0.11522267899999998 0.28466867 0.0 0.0 0.25741573 0.25741573 0.24036869999999996 0.20491757 0.26951781999999996 0.14988559299999998 0.25741573 0.24036869999999996 0.20491757 0.26951781999999996 0.14988559299999998 0.25741573 0.24036869999999996 0.20491757
13 0.44740552999999994 0.26433121 0.17933029399999997 0.23815648999999997 0.28208466 0.3569094099999999 0.34709388999999996 0.3697179199999999 0.45235046999999995 0.24918036 0.42944758999999993 0.30656768999999995 0.0 0.21882289 0.29783039 0.32210892999999996 0.37773020999999996 0.20908173 0.38009113999999994 0.37572248999999996 0.3543625799999999 0.39172848 0.36217037999999996 0.3697179199999999 0.27100502 0.28061605 0.46971352999999993 0.33532641999999996 0.03334302399999999 0.40044719 0.34398935999999997 0.14721606899999998 0.0 0.0 0.3236519 0.3236519 0.31967364 0.3791430499999999 0.28346031999999993 0.37864111999999994 0.3236519 0.31967364 0.3791430499999999 0.28346031999999993 0.37864111999999994 0.3236519 0.31967364 0.3791430499999999
14 0.5245540299999999 0.25888434 0.28325583 0.138657233 0.17383323099999998 0.32605000999999995 0.21523501999999997 0.26780754 0.35042149999999994 0.03979933099999999 0.32751862 0.28202889 0.18740579 0.0 0.37499747999999994 0.21385936 0.27005693 0.21776326 0.29470726999999997 0.27379352 0.22252229999999998 0.28403660999999997 0.27680509999999997 0.26780754 0.17149089099999998 0.19525077 0.3677845599999999 0.24994254999999999 0.15654638999999998 0.29275532 0.25860549 0.155905035 0.0 0.0 0.4008004 0.4008004 0.15416872899999998 0.34830223999999993 0.17522376299999998 0.29327583999999995 0.4008004 0.15416872899999998 0.34830223999999993 0.17522376299999998 0.29327583999999995 0.4008004 0.15416872899999998 0.34830223999999993
15 0.31140109 0.2762474 0.34746568999999994 0.44026697 0.42580395 0.076836188 0.26234208 0.5450588 0.5629795599999999 0.40814344999999996 0.60960328 0.17614396799999998 0.35367475 0.37778597999999997 0.0 0.4834887199999999 0.17196865399999997 0.3840322199999999 0.17432214799999998 0.5164673799999999 0.26962936 0.18595576999999996 0.156405106 0.5450588 0.47309691 0.20571694 0.5803426199999999 0.12955556899999998 0.32281534999999995 0.19467447999999996 0.138218509 0.32216469999999997 0.0 0.0 0.025806637999999996 0.025806637999999996 0.38141102999999993 0.09907726399999998 0.41595124999999994 0.17288142299999998 0.025806637999999996 0.38141102999999993 0.09907726399999998 0.41595124999999994 0.17288142299999998 0.025806637999999996 0.38141102999999993 0.09907726399999998
16 0.67673177 0.42946618 0.45383766999999997 0.18803785 0.14568982999999996 0.4782277499999999 0.29955925999999994 0.100789403 0.19344753999999997 0.21038302999999997 0.18318400099999999 0.43420663 0.32210892999999996 0.18003299599999997 0.5271752199999999 0.0 0.35438116999999997 0.38834509999999994 0.38330720999999995 0.116817701 0.30684654 0.36837943999999995 0.4289828399999999 0.100789403 0.21343178999999995 0.36583260999999995 0.21081059999999996 0.40212029 0.29124953 0.32512051 0.39516763 0.32649617 0.0 0.0 0.55297814 0.55297814 0.18365432799999998 0.5004799799999999 0.10079312099999999 0.44545357999999996 0.55297814 0.18365432799999998 0.5004799799999999 0.10079312099999999 0.44545357999999996 0.55297814 0.18365432799999998 0.5004799799999999
17 0.40176707999999994 0.35062599 0.42184427999999996 0.41351596 0.30145543999999996 0.29453996 0.145617329 0.42071029 0.43863104999999997 0.33789184 0.48525476999999995 0.25051883999999996 0.42805333999999995 0.30753437 0.27693523 0.35914020999999996 0.0 0.45841080999999995 0.07693099699999999 0.39211887 0.152899032 0.13653239599999997 0.13300215499999998 0.42071029 0.4389099 0.28011411999999997 0.45599410999999995 0.106154477 0.39719393999999997 0.029619446999999997 0.088791417 0.39656188 0.0 0.0 0.30273815 0.30273815 0.31115941999999996 0.20915609 0.29160273999999997 0.149478472 0.30273815 0.31115941999999996 0.20915609 0.29160273999999997 0.149478472 0.30273815 0.31115941999999996 0.20915609
18 0.38310271999999995 0.069474548 0.140690979 0.38239629999999997 0.37648467999999996 0.19038018999999998 0.21581130999999998 0.5005729299999999 0.5185122799999999 0.35027278 0.5602840099999999 0.11976607499999999 0.21326447999999998 0.3199339 0.23354616999999997 0.43493163999999995 0.24646621999999999 0.0 0.24880855999999998 0.47198150999999994 0.22309858999999996 0.26046449 0.23090638999999996 0.5005729299999999 0.41522623999999997 0.149348342 0.5358567499999999 0.20404383999999998 0.21177727999999998 0.26916460999999997 0.21270678 0.16354924299999998 0.0 0.0 0.25934908999999995 0.25934908999999995 0.32354035999999997 0.21261382999999998 0.36663197999999997 0.24737712999999997 0.25934908999999995 0.32354035999999997 0.21261382999999998 0.36663197999999997 0.24737712999999997 0.25934908999999995 0.32354035999999997 0.21261382999999998
19 0.33731554999999996 0.31195878999999993 0.38317707999999995 0.44214455999999996 0.33770594 0.25587276 0.17424592899999997 0.45696078999999995 0.47488154999999993 0.36652043999999995 0.5215052699999999 0.21185163999999998 0.38938613999999994 0.33616296999999995 0.21248369999999997 0.39539071 0.083872503 0.41974360999999993 0.0 0.42836936999999997 0.18152577299999997 0.09786519599999999 0.06855248399999998 0.45696078999999995 0.46753849999999997 0.24144691999999998 0.4922446099999999 0.06748541799999999 0.35852673999999995 0.10658204699999999 0.050122358 0.35787609 0.0 0.0 0.23828661999999998 0.23828661999999998 0.33978801999999997 0.14470084199999997 0.32785324 0.085028801 0.23828661999999998 0.33978801999999997 0.14470084199999997 0.32785324 0.085028801 0.23828661999999998 0.33978801999999997 0.14470084199999997
20 0.7782703499999999 0.5126006599999999 0.52228605 0.23397373999999996 0.24574121 0.57976633 0.41076463999999996 0.14971270599999997 0.22471591999999999 0.31043440999999994 0.125772504 0.53574521 0.37865971 0.28007693999999994 0.62869521 0.14708407999999998 0.46556795999999995 0.47147957999999995 0.4945125899999999 0.0 0.4180333299999999 0.4795662299999999 0.53050283 0.14971270599999997 0.18036947499999997 0.4489485 0.185734549 0.5036588699999999 0.34780030999999995 0.43632589 0.5063730099999999 0.40961205999999994 0.0 0.0 0.6545167199999999 0.6545167199999999 0.28370198999999996 0.6019999699999999 0.19934057 0.5469735699999999 0.6545167199999999 0.28370198999999996 0.6019999699999999 0.19934057 0.5469735699999999 0.6545167199999999 0.28370198999999996 0.6019999699999999
21 0.45666334999999997 0.38693226 0.45815055 0.4200596399999999 0.31563960999999996 0.33084622999999996 0.152172163 0.43487587 0.45281521999999996 0.34445411 0.49943893999999994 0.28682510999999994 0.46435961 0.31409664 0.33181290999999996 0.37332437999999996 0.06179873699999999 0.49471708 0.131819831 0.40630303999999995 0.0 0.07579142999999999 0.18788912999999996 0.43487587 0.44545357999999996 0.31640179999999996 0.47017827999999995 0.161043311 0.43350021 0.08450828099999999 0.14368025099999998 0.4328495599999999 0.0 0.0 0.35763441999999995 0.35763441999999995 0.31772169 0.26403376999999995 0.30578690999999997 0.20435986999999997 0.35763441999999995 0.31772169 0.26403376999999995 0.30578690999999997 0.20435986999999997 0.35763441999999995 0.31772169 0.26403376999999995
22 0.46281663999999995 0.32857824999999996 0.3997965399999999 0.36172422 0.25728559999999995 0.27249221999999995 0.09382187099999999 0.37654044999999997 0.39446121 0.28610009999999997 0.44108493 0.22847109999999998 0.40600559999999997 0.25574262999999997 0.32143969 0.31497036999999994 0.14863634499999998 0.43636306999999996 0.137976839 0.34794902999999994 0.10110357399999999 0.0 0.19404242 0.37654044999999997 0.38711815999999993 0.25804778999999994 0.41182427 0.16719846 0.37514619999999993 0.07978456199999999 0.1498354 0.37449554999999995 0.0 0.0 0.34724260999999995 0.34724260999999995 0.25936768 0.27020564999999996 0.24743289999999996 0.21053175 0.34724260999999995 0.25936768 0.27020564999999996 0.24743289999999996 0.21053175 0.34724260999999995 0.25936768 0.27020564999999996
23 0.46738978 0.45194148999999995 0.52315978 0.51390196 0.40184143999999994 0.39587405 0.24600146999999997 0.52109629 0.5390356399999999 0.43827784 0.5856407699999999 0.35185292999999995 0.52936884 0.40793895999999996 0.34255792999999995 0.4595448 0.23408528 0.55972631 0.15730300299999997 0.49250487 0.25328875 0.24808354999999999 0.0 0.52109629 0.5392958999999999 0.38142961999999997 0.5563986999999999 0.2176889 0.49850943999999997 0.165977097 0.20032583999999995 0.4978773799999999 0.0 0.0 0.36836084999999996 0.36836084999999996 0.41154541999999994 0.27477879 0.39198873999999995 0.016476316999999997 0.36836084999999996 0.41154541999999994 0.27477879 0.39198873999999995 0.016476316999999997 0.36836084999999996 0.41154541999999994 0.27477879
24 0.6821042799999999 0.41643458999999994 0.4261199799999999 0.13782440099999999 0.149576999 0.48361885 0.31459856999999997 0.0 0.22393513999999995 0.21426834 0.20101366999999998 0.43959772999999996 0.28249364 0.18392016499999997 0.53254773 0.138670246 0.36942048 0.37531350999999996 0.3983465199999999 0.14729042899999997 0.32188585 0.38341875 0.43435535 0.0 0.16322019999999998 0.35280101999999997 0.24127960999999998 0.4074928 0.25163423999999995 0.34015982 0.41020693999999996 0.31346457999999994 0.0 0.0 0.55835065 0.55835065 0.18753591999999997 0.5058524899999999 0.10319123099999998 0.45082608999999996 0.55835065 0.18753591999999997 0.5058524899999999 0.10319123099999998 0.45082608999999996 0.55835065 0.18753591999999997 0.5058524899999999
25 0.7800178099999999 0.51434812 0.52403351 0.22570118999999997 0.32835517 0.58153238 0.5108532 0.34517911999999995 0.39676637 0.33541937 0.24836239999999998 0.53749267 0.38040716999999996 0.3050619 0.6304612599999999 0.34253933999999997 0.5478287099999999 0.47322703999999993 0.5501710499999999 0.35116509999999995 0.5181404799999999 0.56182698 0.5322688799999999 0.34517911999999995 0.0 0.45071455 0.35778314 0.50540633 0.34954777 0.55110055 0.5140692699999999 0.4113781099999999 0.0 0.0 0.6562641799999999 0.6562641799999999 0.36631594999999995 0.6037660199999999 0.31413381999999995 0.54873962 0.6562641799999999 0.36631594999999995 0.6037660199999999 0.31413381999999995 0.54873962 0.6562641799999999 0.36631594999999995 0.6037660199999999
26 0.34501181 0.20259382 0.27381211 0.36661339 0.35958636999999993 0.14651336699999998 0.1985412 0.48330281999999997 0.50122358 0.33448986999999997 0.5433857 0.102490388 0.28002117 0.30413239999999997 0.19545525999999996 0.41801474 0.11281527399999998 0.31037864 0.11516876799999998 0.4547114 0.20582847999999998 0.126807967 0.097251726 0.48330281999999997 0.39944332999999993 0.0 0.51858664 0.07040218899999999 0.24916176999999998 0.135524818 0.079065129 0.24851111999999997 0.0 0.0 0.22125817999999997 0.22125817999999997 0.30775745 0.16875444299999998 0.34973366999999994 0.113728043 0.22125817999999997 0.30775745 0.16875444299999998 0.34973366999999994 0.113728043 0.22125817999999997 0.30775745 0.16875444299999998
27 0.7839960699999999 0.57614128 0.58582667 0.29753294999999996 0.29664062999999996 0.5854920499999999 0.40682356 0.21029007999999996 0.08135727599999999 0.36133382999999997 0.23096215999999997 0.5414709299999999 0.4422003299999999 0.33097635999999997 0.6344395199999999 0.20765029999999998 0.46164546999999995 0.5350202 0.49057150999999993 0.181696801 0.4141108399999999 0.47562514999999994 0.5362285499999999 0.21029007999999996 0.28556098999999996 0.51250771 0.0 0.5093845899999999 0.41134092999999994 0.43238480999999995 0.50243193 0.47315267999999994 0.0 0.0 0.66024244 0.66024244 0.33460141 0.6077442799999999 0.26289977999999997 0.5527178799999999 0.66024244 0.33460141 0.6077442799999999 0.26289977999999997 0.5527178799999999 0.66024244 0.33460141 0.6077442799999999
28 0.31301841999999996 0.29757013 0.36878841999999995 0.4615897 0.40455557999999997 0.24148409999999995 0.24109370999999996 0.5238104299999999 0.5417311899999999 0.42946618 0.58835491 0.19746297999999998 0.37499747999999994 0.39910871 0.18818656999999997 0.46224034999999997 0.15072028399999998 0.40535494999999994 0.07393800699999999 0.49521900999999996 0.24838099 0.16471297699999998 0.044251636 0.5238104299999999 0.49441964 0.22705825999999998 0.5590942499999999 0.0 0.34413807999999996 0.17342982799999998 0.116970139 0.3434874299999999 0.0 0.0 0.21398948999999998 0.21398948999999998 0.40273375999999994 0.12040185299999999 0.39470288 0.060727952999999994 0.21398948999999998 0.40273375999999994 0.12040185299999999 0.39470288 0.060727952999999994 0.21398948999999998 0.40273375999999994 0.12040185299999999
29 0.4718141999999999 0.23347180999999997 0.2037464 0.20729709 0.25122525999999995 0.3543625799999999 0.31623449 0.33885851999999994 0.42149106999999997 0.21832096 0.39858818999999995 0.28375775999999997 0.03334302399999999 0.18796349 0.32223905999999997 0.29124953 0.34687081 0.17821489399999998 0.34923173999999996 0.34486309 0.32350317999999995 0.36086907999999995 0.33131098 0.33885851999999994 0.24014561999999998 0.24975664999999997 0.43885412999999995 0.30446702 0.0 0.36958778999999997 0.31312995999999993 0.11635852799999999 0.0 0.0 0.34806056999999996 0.34806056999999996 0.28881424 0.3765962199999999 0.25260091999999995 0.34778171999999996 0.34806056999999996 0.28881424 0.3765962199999999 0.25260091999999995 0.34778171999999996 0.34806056999999996 0.28881424 0.3765962199999999
30 0.38903292999999994 0.33789184 0.40911012999999996 0.38988807 0.27784613999999996 0.28180581 0.12200245199999998 0.3970824 0.41502174999999997 0.31428254 0.46164546999999995 0.23778468999999997 0.41531919 0.28392507 0.26420108 0.33553090999999996 0.109805553 0.44567666 0.064196847 0.36850956999999995 0.12928415499999998 0.12379824599999999 0.120268005 0.3970824 0.41530059999999996 0.26737996999999997 0.43238480999999995 0.09341846799999999 0.3844597899999999 0.0 0.07605540799999999 0.38380913999999994 0.0 0.0 0.290004 0.290004 0.28755011999999996 0.19642194 0.26799343999999997 0.136744322 0.290004 0.28755011999999996 0.19642194 0.26799343999999997 0.136744322 0.290004 0.28755011999999996 0.19642194
31 0.41831218 0.27589419 0.34711247999999995 0.4168621599999999 0.35350743999999995 0.21982675 0.19246227 0.47722388999999993 0.49516324 0.34123803999999996 0.5373067699999999 0.17579819399999996 0.35332154 0.31089916 0.26875562999999997 0.4119544 0.18612308 0.38367900999999993 0.18848400999999998 0.44863246999999995 0.19974954999999997 0.20012134999999998 0.17055953199999999 0.47722388999999993 0.4422561 0.20538231999999998 0.5125263 0.14370999499999998 0.32246213999999995 0.20884005999999997 0.0 0.32183007999999996 0.0 0.0 0.29455855 0.29455855 0.31450562 0.24206039 0.34365473999999996 0.18703398999999998 0.29455855 0.31450562 0.24206039 0.34365473999999996 0.18703398999999998 0.29455855 0.31450562 0.24206039
32 0.4044068599999999 0.23466156999999999 0.13634649599999998 0.3780462399999999 0.3721346199999999 0.31392933 0.34662913999999995 0.4962228699999999 0.54929732 0.34592271999999996 0.5559339499999999 0.26358760999999997 0.20891441999999996 0.31558383999999995 0.25485030999999997 0.4305815799999999 0.37726545999999994 0.179419526 0.37962639 0.5022088499999999 0.35389782999999997 0.3912637299999999 0.36170562999999994 0.4962228699999999 0.4108761799999999 0.28015129999999994 0.56666038 0.33486166999999994 0.20742721999999997 0.39998244 0.34352461 0.0 0.0 0.0 0.28065323 0.28065323 0.3191903 0.33616296999999995 0.36228192 0.37817637 0.28065323 0.3191903 0.33616296999999995 0.36228192 0.37817637 0.28065323 0.3191903 0.33616296999999995
33 0.0 0.0 0.0 0.0 0.0 0.0 0.0 0.0 0.0 0.0 0.0 0.0 0.0 0.0 0.0 0.0 0.0 0.0 0.0 0.0 0.0 0.0 0.0 0.0 0.0 0.0 0.0 0.0 0.0 0.0 0.0 0.0 0.0 0.0 0.0 0.0 0.0 0.0 0.0 0.0 0.0 0.0 0.0 0.0 0.0 0.0 0.0 0.0
34 0.0 0.0 0.0 0.0 0.0 0.0 0.0 0.0 0.0 0.0 0.0 0.0 0.0 0.0 0.0 0.0 0.0 0.0 0.0 0.0 0.0 0.0 0.0 0.0 0.0 0.0 0.0 0.0 0.0 0.0 0.0 0.0 0.0 0.0 0.0 0.0 0.0 0.0 0.0 0.0 0.0 0.0 0.0 0.0 0.0 0.0 0.0 0.0
35 0.28559817 0.25044447999999997 0.32166277 0.41444546 0.4000010299999999 0.05103140899999999 0.23653915999999997 0.51923729 0.53717664 0.38234053 0.5838003599999999 0.15033733 0.32787183 0.35198305999999996 0.160757025 0.4576858 0.146162016 0.3582293 0.14851551 0.49066445999999997 0.24380785 0.16015470899999998 0.130598468 0.51923729 0.4472939899999999 0.179919597 0.5545397 0.10374893099999999 0.29701242999999994 0.16887155999999998 0.11241187099999998 0.29636177999999996 0.0 0.0 0.0 0.0 0.35560811 0.07327062599999999 0.39014833 0.14707478499999999 0.0 0.35560811 0.07327062599999999 0.39014833 0.14707478499999999 0.0 0.35560811 0.07327062599999999
36 0.28559817 0.25044447999999997 0.32166277 0.41444546 0.4000010299999999 0.05103140899999999 0.23653915999999997 0.51923729 0.53717664 0.38234053 0.5838003599999999 0.15033733 0.32787183 0.35198305999999996 0.160757025 0.4576858 0.146162016 0.3582293 0.14851551 0.49066445999999997 0.24380785 0.16015470899999998 0.130598468 0.51923729 0.4472939899999999 0.179919597 0.5545397 0.10374893099999999 0.29701242999999994 0.16887155999999998 0.11241187099999998 0.29636177999999996 0.0 0.0 0.0 0.0 0.35560811 0.07327062599999999 0.39014833 0.14707478499999999 0.0 0.35560811 0.07327062599999999 0.39014833 0.14707478499999999 0.0 0.35560811 0.07327062599999999
37 0.62484708 0.35917738999999993 0.38354888 0.12667225999999998 0.12150795799999999 0.4263616499999999 0.32277817 0.21547668999999997 0.29810923999999994 0.14734805799999998 0.27518776999999994 0.38234053 0.22523643999999998 0.11699802399999999 0.47529053 0.161541523 0.37760008 0.31805631 0.39501890999999995 0.22146266999999997 0.33006545 0.39159835 0.37709815 0.21547668999999997 0.15206805899999998 0.29554382 0.3154723 0.3502355999999999 0.19437704 0.35819212 0.35889854 0.25620738 0.0 0.0 0.5010934499999999 0.5010934499999999 0.0 0.44859529 0.12289848999999999 0.39356889 0.5010934499999999 0.0 0.44859529 0.12289848999999999 0.39356889 0.5010934499999999 0.0 0.44859529
38 0.3342482 0.30913311 0.38035139999999995 0.43931887999999997 0.33488025999999993 0.25306566999999996 0.17142582599999998 0.45413510999999995 0.47207446 0.36369475999999995 0.51867959 0.20904455 0.38656046 0.33335587999999994 0.20941635 0.39258361999999997 0.0810524 0.41691793 0.083405894 0.4255436899999999 0.17870752899999998 0.095045093 0.06548885199999999 0.45413510999999995 0.46471281999999997 0.23862123999999998 0.48943751999999996 0.038639315 0.35570105999999996 0.103761944 0.047302254999999994 0.35506899999999997 0.0 0.0 0.23521926999999998 0.23521926999999998 0.33696233999999997 0.0 0.32502755999999994 0.08196516899999999 0.23521926999999998 0.33696233999999997 0.0 0.32502755999999994 0.08196516899999999 0.23521926999999998 0.33696233999999997 0.0
39 0.61958611 0.36118511 0.3855565999999999 0.161474599 0.07739946499999999 0.42110068 0.24243219 0.164952788 0.24758162 0.14209266499999998 0.22466014999999995 0.37707956 0.28346031999999993 0.111742631 0.47002955999999996 0.10079312099999999 0.29723551 0.32006402999999994 0.32618013999999995 0.17094248599999998 0.24970087999999996 0.31123377999999996 0.37183717999999993 0.164952788 0.18686668 0.29753294999999996 0.26494468 0.34499321999999993 0.25260091999999995 0.26799343999999997 0.33804056 0.25819651 0.0 0.0 0.49585106999999995 0.49585106999999995 0.115362104 0.44333431999999995 0.0 0.38830792 0.49585106999999995 0.115362104 0.44333431999999995 0.0 0.38830792 0.49585106999999995 0.115362104 0.44333431999999995
40 0.45091904 0.4354707499999999 0.5066890399999999 0.49743122 0.38537069999999995 0.37938471999999995 0.22953072999999996 0.50462555 0.52254631 0.4218071 0.56917003 0.3353636 0.5128980999999999 0.39144963 0.32608718999999997 0.44305547 0.21761454 0.5432555699999999 0.14082668599999998 0.47603413 0.23681801 0.23159422 0.18215411499999998 0.50462555 0.5228251599999999 0.36495888 0.5399093699999999 0.20121815999999998 0.48203869999999993 0.14950078 0.18385881799999998 0.48138804999999996 0.0 0.0 0.35189011 0.35189011 0.39507467999999996 0.25830804999999996 0.37551799999999996 0.0 0.35189011 0.39507467999999996 0.25830804999999996 0.37551799999999996 0.0 0.35189011 0.39507467999999996 0.25830804999999996
41 0.28559817 0.25044447999999997 0.32166277 0.41444546 0.4000010299999999 0.05103140899999999 0.23653915999999997 0.51923729 0.53717664 0.38234053 0.5838003599999999 0.15033733 0.32787183 0.35198305999999996 0.160757025 0.4576858 0.146162016 0.3582293 0.14851551 0.49066445999999997 0.24380785 0.16015470899999998 0.130598468 0.51923729 0.4472939899999999 0.179919597 0.5545397 0.10374893099999999 0.29701242999999994 0.16887155999999998 0.11241187099999998 0.29636177999999996 0.0 0.0 0.0 0.0 0.35560811 0.07327062599999999 0.39014833 0.14707478499999999 0.0 0.35560811 0.07327062599999999 0.39014833 0.14707478499999999 0.0 0.35560811 0.07327062599999999
42 0.62484708 0.35917738999999993 0.38354888 0.12667225999999998 0.12150795799999999 0.4263616499999999 0.32277817 0.21547668999999997 0.29810923999999994 0.14734805799999998 0.27518776999999994 0.38234053 0.22523643999999998 0.11699802399999999 0.47529053 0.161541523 0.37760008 0.31805631 0.39501890999999995 0.22146266999999997 0.33006545 0.39159835 0.37709815 0.21547668999999997 0.15206805899999998 0.29554382 0.3154723 0.3502355999999999 0.19437704 0.35819212 0.35889854 0.25620738 0.0 0.0 0.5010934499999999 0.5010934499999999 0.0 0.44859529 0.12289848999999999 0.39356889 0.5010934499999999 0.0 0.44859529 0.12289848999999999 0.39356889 0.5010934499999999 0.0 0.44859529
43 0.3342482 0.30913311 0.38035139999999995 0.43931887999999997 0.33488025999999993 0.25306566999999996 0.17142582599999998 0.45413510999999995 0.47207446 0.36369475999999995 0.51867959 0.20904455 0.38656046 0.33335587999999994 0.20941635 0.39258361999999997 0.0810524 0.41691793 0.083405894 0.4255436899999999 0.17870752899999998 0.095045093 0.06548885199999999 0.45413510999999995 0.46471281999999997 0.23862123999999998 0.48943751999999996 0.038639315 0.35570105999999996 0.103761944 0.047302254999999994 0.35506899999999997 0.0 0.0 0.23521926999999998 0.23521926999999998 0.33696233999999997 0.0 0.32502755999999994 0.08196516899999999 0.23521926999999998 0.33696233999999997 0.0 0.32502755999999994 0.08196516899999999 0.23521926999999998 0.33696233999999997 0.0
44 0.61958611 0.36118511 0.3855565999999999 0.161474599 0.07739946499999999 0.42110068 0.24243219 0.164952788 0.24758162 0.14209266499999998 0.22466014999999995 0.37707956 0.28346031999999993 0.111742631 0.47002955999999996 0.10079312099999999 0.29723551 0.32006402999999994 0.32618013999999995 0.17094248599999998 0.24970087999999996 0.31123377999999996 0.37183717999999993 0.164952788 0.18686668 0.29753294999999996 0.26494468 0.34499321999999993 0.25260091999999995 0.26799343999999997 0.33804056 0.25819651 0.0 0.0 0.49585106999999995 0.49585106999999995 0.115362104 0.44333431999999995 0.0 0.38830792 0.49585106999999995 0.115362104 0.44333431999999995 0.0 0.38830792 0.49585106999999995 0.115362104 0.44333431999999995
45 0.45091904 0.4354707499999999 0.5066890399999999 0.49743122 0.38537069999999995 0.37938471999999995 0.22953072999999996 0.50462555 0.52254631 0.4218071 0.56917003 0.3353636 0.5128980999999999 0.39144963 0.32608718999999997 0.44305547 0.21761454 0.5432555699999999 0.14082668599999998 0.47603413 0.23681801 0.23159422 0.18215411499999998 0.50462555 0.5228251599999999 0.36495888 0.5399093699999999 0.20121815999999998 0.48203869999999993 0.14950078 0.18385881799999998 0.48138804999999996 0.0 0.0 0.35189011 0.35189011 0.39507467999999996 0.25830804999999996 0.37551799999999996 0.0 0.35189011 0.39507467999999996 0.25830804999999996 0.37551799999999996 0.0 0.35189011 0.39507467999999996 0.25830804999999996
46 0.28559817 0.25044447999999997 0.32166277 0.41444546 0.4000010299999999 0.05103140899999999 0.23653915999999997 0.51923729 0.53717664 0.38234053 0.5838003599999999 0.15033733 0.32787183 0.35198305999999996 0.160757025 0.4576858 0.146162016 0.3582293 0.14851551 0.49066445999999997 0.24380785 0.16015470899999998 0.130598468 0.51923729 0.4472939899999999 0.179919597 0.5545397 0.10374893099999999 0.29701242999999994 0.16887155999999998 0.11241187099999998 0.29636177999999996 0.0 0.0 0.0 0.0 0.35560811 0.07327062599999999 0.39014833 0.14707478499999999 0.0 0.35560811 0.07327062599999999 0.39014833 0.14707478499999999 0.0 0.35560811 0.07327062599999999
47 0.62484708 0.35917738999999993 0.38354888 0.12667225999999998 0.12150795799999999 0.4263616499999999 0.32277817 0.21547668999999997 0.29810923999999994 0.14734805799999998 0.27518776999999994 0.38234053 0.22523643999999998 0.11699802399999999 0.47529053 0.161541523 0.37760008 0.31805631 0.39501890999999995 0.22146266999999997 0.33006545 0.39159835 0.37709815 0.21547668999999997 0.15206805899999998 0.29554382 0.3154723 0.3502355999999999 0.19437704 0.35819212 0.35889854 0.25620738 0.0 0.0 0.5010934499999999 0.5010934499999999 0.0 0.44859529 0.12289848999999999 0.39356889 0.5010934499999999 0.0 0.44859529 0.12289848999999999 0.39356889 0.5010934499999999 0.0 0.44859529
48 0.3342482 0.30913311 0.38035139999999995 0.43931887999999997 0.33488025999999993 0.25306566999999996 0.17142582599999998 0.45413510999999995 0.47207446 0.36369475999999995 0.51867959 0.20904455 0.38656046 0.33335587999999994 0.20941635 0.39258361999999997 0.0810524 0.41691793 0.083405894 0.4255436899999999 0.17870752899999998 0.095045093 0.06548885199999999 0.45413510999999995 0.46471281999999997 0.23862123999999998 0.48943751999999996 0.038639315 0.35570105999999996 0.103761944 0.047302254999999994 0.35506899999999997 0.0 0.0 0.23521926999999998 0.23521926999999998 0.33696233999999997 0.0 0.32502755999999994 0.08196516899999999 0.23521926999999998 0.33696233999999997 0.0 0.32502755999999994 0.08196516899999999 0.23521926999999998 0.33696233999999997 0.0
;
param alpha := 44 0.055 45 0.055 46 0.055 47 0.055 48 0.055;
param Tp := 79.179;
param w1 := 0.75;
param w2 := 0.25;
param M:
 1 2 3 4 5 6 7 8 9 10 11 12 13 14 15 16 17 18 19 20 21 22 23 24 25 26 27 28 29 30 31 32 33 34 35 36 37 38 39 40 41 42 43 44 45 46 47 48:=
1 93.6 96.24839999999999 97.0146 98.877 98.72139999999999 94.97912 96.96279999999999 100.00439999999999 100.19739999999999 98.53139999999999 100.69879999999999 96.03559999999999 97.7954 98.205 94.3436 99.34219999999999 95.9906 96.478 93.49454 86.6968 74.04119999999999 71.1412 66.17515999999999 69.00439999999999 68.2302 58.35379999999999 51.38419999999999 43.53429999999999 43.6134 35.235 24.627399999999994 23.260599999999997 93.6 93.6 94.62124 94.62124 98.2438 95.20639999999999 98.6154 95.35242 94.62124 98.2438 95.20639999999999 98.6154 95.35242 94.62124 98.2438 95.20639999999999
2 98.9524 93.6 94.52037999999999 97.12079999999999 97.0572 96.8788 96.78259999999999 98.39219999999999 98.963 96.7752 99.0346 96.11919999999999 95.3012 96.4486 97.34339999999999 97.6858 97.1124 93.98378 95.13759999999999 85.4566 73.86099999999999 72.2628 67.945 67.39219999999999 66.47399999999999 58.0676 50.1498 44.65599999999999 41.28519999999999 36.3566 25.749199999999988 20.7663 93.6 93.6 97.621 97.621 96.4876 97.1182 96.9512 97.12219999999999 97.621 96.4876 97.1182 96.9512 97.12219999999999 97.621 96.4876 97.1182
3 98.2226 94.84834 93.6 96.3908 96.3274 96.149 96.05279999999999 97.6622 98.2332 96.0454 98.3048 95.3894 95.45934 95.71879999999999 96.6134 96.95599999999999 96.38239999999999 93.25392 94.4078 84.7268 73.131 71.53299999999999 67.21499999999999 66.6622 65.74419999999999 57.33766 49.41999999999999 43.926199999999994 41.12733999999999 35.62679999999999 25.01939999999999 21.120439999999988 93.6 93.6 96.8912 96.8912 95.75779999999999 96.3882 96.22139999999999 96.3924 96.8912 95.75779999999999 96.3882 96.22139999999999 96.3924 96.8912 95.75779999999999 96.3882
4 100.59339999999999 97.73519999999999 97.8394 93.6 94.97424 98.458 97.09559999999999 95.1552 96.04419999999999 95.6702 95.79759999999999 97.9844 96.29419999999999 95.34371999999999 98.9844 95.12689999999999 97.68539999999999 96.2928 95.9968 82.21964 74.17399999999999 72.836 68.928 64.1552 63.47301999999999 59.05059999999999 47.230999999999995 45.638999999999996 41.962199999999996 36.370599999999996 26.73219999999999 22.627399999999994 93.6 93.6 99.262 99.262 95.38265999999999 98.6972 94.82119999999999 98.1052 99.262 95.38265999999999 98.6972 94.82119999999999 98.1052 99.262 95.38265999999999 98.6972
5 99.7512 96.8932 97.1554 95.34966 93.6 97.6158 96.4236 96.30499999999999 97.19399999999999 94.53608 96.94739999999999 97.14219999999999 96.12419999999999 94.20957999999999 98.14219999999999 95.72479999999999 97.0132 95.4508 95.2786 83.36959999999999 73.50179999999999 72.1638 68.08579999999999 65.30499999999999 64.6228 58.2084 48.380799999999994 44.797 41.792199999999994 36.2576 25.890199999999993 21.78519999999999 93.6 93.6 98.4198 98.4198 94.24852 97.85499999999999 95.30905999999999 97.26299999999999 98.4198 94.24852 97.85499999999999 95.30905999999999 97.26299999999999 98.4198 94.24852 97.85499999999999
6 96.2772 96.83919999999999 97.6052 98.65559999999999 98.5 93.6 96.74159999999999 99.78299999999999 99.976 98.30999999999999 100.47739999999999 95.8142 97.72399999999999 97.9836 94.93426 99.12079999999999 95.7692 97.05059999999999 93.27318 86.4754 73.8198 70.9198 65.9538 68.78299999999999 68.0088 58.13239999999999 51.16279999999999 43.31294 43.39219999999999 35.0136 24.406139999999994 23.385199999999998 93.6 93.6 95.21188 95.21188 98.0226 94.98505999999999 98.39399999999999 95.13105999999999 95.21188 98.0226 94.98505999999999 98.39399999999999 95.13105999999999 95.21188 98.0226 94.98505999999999
7 98.5912 97.841 98.60719999999999 98.1976 97.074 97.2378 93.6 98.357 98.55 97.384 99.0514 96.76419999999999 98.67399999999999 97.0576 97.2482 97.6948 94.3432 98.00059999999999 93.09649999999999 85.04939999999999 70.678326 69.49373999999999 66.6998 67.357 67.4708 59.08239999999999 49.73679999999999 43.4109 44.342 33.58752 24.224099999999993 24.3352 93.6 93.6 97.52579999999999 97.52579999999999 97.09639999999999 96.51899999999999 96.96799999999999 95.877 97.52579999999999 97.09639999999999 96.51899999999999 96.96799999999999 95.877 97.52579999999999 97.09639999999999 96.51899999999999
8 100.9384 98.08019999999999 98.1844 95.08278 95.20921999999999 98.803 96.9846 93.6 96.00919999999999 95.9052 95.76259999999999 98.32939999999999 96.63919999999999 95.5787 99.32939999999999 95.09187999999999 97.5744 96.6378 95.8856 82.18462 74.06299999999999 72.725 69.273 62.599999999999994 64.356 59.39559999999999 47.19579999999999 45.983999999999995 42.307199999999995 36.25959999999999 27.013199999999998 22.972399999999993 93.6 93.6 99.607 99.607 95.6176 99.0422 94.71018 98.4502 99.607 95.6176 99.0422 94.71018 98.4502 99.607 95.6176 99.0422
9 101.6982 99.276 99.38019999999999 96.27839999999999 96.405 99.56259999999999 97.6404 95.33988 93.6 97.101 95.3343 99.089 97.835 96.7744 100.089 95.31157999999999 98.22999999999999 97.83359999999999 96.5414 82.03232 74.7186 73.38059999999999 70.03259999999999 64.33988 64.9216 60.5912 46.2774 46.74379999999999 43.503 36.91539999999999 27.668999999999997 24.167999999999992 93.6 93.6 100.3668 100.3668 96.8134 99.8018 95.9058 99.2098 100.3668 96.8134 99.8018 95.9058 99.2098 100.3668 96.8134 99.8018
10 99.5946 96.73639999999999 97.5026 96.085 95.55341999999999 97.4592 95.6408 96.88839999999999 97.45939999999999 93.6 97.5308 96.98559999999999 96.8594 94.94489999999999 97.98559999999999 96.1822 96.2306 96.18599999999999 94.98379999999999 83.9528 72.7192 71.38119999999999 67.9292 65.88839999999999 65.3582 58.0518 48.64619999999999 44.64019999999999 42.5274 35.474999999999994 25.73339999999999 22.520599999999988 93.6 93.6 98.2632 98.2632 94.98385999999999 97.69839999999999 95.44742 97.1064 98.2632 94.98385999999999 97.69839999999999 95.44742 97.1064 98.2632 94.98385999999999 97.69839999999999
11 102.04979999999999 99.6276 99.73179999999999 96.63 96.75659999999999 99.9142 97.99199999999999 95.69139999999999 95.32043999999999 97.45259999999999 93.6 99.44059999999999 98.1866 97.12599999999999 100.44059999999999 95.66319999999999 98.5816 98.1852 96.893 82.38394 75.0702 73.73219999999999 70.38419999999999 64.69139999999999 65.2734 60.94279999999999 45.90101999999999 47.0954 43.85459999999999 37.266999999999996 28.0206 24.519599999999997 93.6 93.6 100.71839999999999 100.71839999999999 97.16499999999999 100.15339999999999 96.25739999999999 99.5616 100.71839999999999 97.16499999999999 100.15339999999999 96.25739999999999 99.5616 100.71839999999999 97.16499999999999 100.15339999999999
12 97.70079999999999 96.1686 96.9348 97.2872 96.6056 95.56523999999999 94.87299999999999 97.9366 98.12939999999999 96.47359999999999 98.583 93.6 97.0016 96.14699999999999 96.09179999999999 97.23419999999999 95.20272 96.3282 93.22804 84.62899999999999 71.95132 70.35325999999999 66.03528 66.9366 66.56039999999999 56.1579 49.316199999999995 42.74642 42.66959999999999 34.44704 23.839619999999996 22.662599999999998 93.6 93.6 96.3694 96.3694 96.18599999999999 95.8046 96.4996 95.21253999999999 96.3694 96.18599999999999 95.8046 96.4996 95.21253999999999 96.3694 96.18599999999999 95.8046
13 98.4134 96.4438 95.52932 96.1622 96.6348 97.43979999999999 97.3342 97.57759999999999 98.4666 96.2808 98.22019999999999 96.89819999999999 93.6 95.9542 96.8042 97.0654 97.6638 94.84939999999999 95.6892 84.64219999999999 74.41239999999999 72.81439999999999 68.4964 66.57759999999999 65.51559999999999 58.619 49.65339999999999 45.2076 39.95872 36.908199999999994 26.300799999999995 21.183819999999997 93.6 93.6 97.082 97.082 97.0392 97.67899999999999 96.64959999999999 97.6736 97.082 97.0392 97.67899999999999 96.64959999999999 97.6736 97.082 97.0392 97.67899999999999
14 99.2434 96.3852 96.64739999999999 95.09173999999999 95.47018 97.1078 95.9156 96.4812 97.36999999999999 94.02817999999999 97.1236 96.63419999999999 95.61619999999999 93.6 97.6344 95.90079999999999 96.5054 94.94279999999999 94.77059999999999 83.5456 72.994 71.6558 67.57799999999999 65.4812 64.44498 57.700599999999994 48.556799999999996 44.28899999999999 41.2842 35.7496 25.382199999999997 21.277299999999997 93.6 93.6 97.91199999999999 97.91199999999999 95.25862 97.3472 95.48514 96.75519999999999 97.91199999999999 95.25862 97.3472 95.48514 96.75519999999999 97.91199999999999 95.25862 97.3472
15 96.9502 96.57199999999999 97.3382 98.33659999999999 98.181 94.42663999999999 96.4224 99.464 99.65679999999999 97.991 100.1584 95.49503999999999 97.405 97.6644 93.6 98.8016 95.45012 96.7316 93.47543999999999 86.15639999999999 73.5008 70.6006 66.28268 68.464 67.68979999999999 57.813199999999995 50.843599999999995 42.99382 43.07299999999999 34.69439999999999 24.087019999999995 23.06599999999999 93.6 93.6 93.87764 93.87764 97.70339999999999 94.66592 98.07499999999999 95.45993999999999 93.87764 97.70339999999999 94.66592 98.07499999999999 95.45993999999999 93.87764 97.70339999999999 94.66592
16 100.88059999999999 98.2204 98.48259999999999 95.62299999999999 95.1674 98.74499999999999 96.8228 94.68433999999999 95.68119999999999 95.8634 95.57078 98.2714 97.0654 95.53688 99.27159999999999 93.6 97.4126 96.77799999999999 95.7238 81.85678 73.90119999999999 72.5632 69.2152 63.68433999999999 64.8962 59.535799999999995 46.867999999999995 45.926199999999994 42.73339999999999 36.09779999999999 26.851399999999998 23.1126 93.6 93.6 99.5492 99.5492 95.57584 98.9844 94.68437999999999 98.3924 99.5492 95.57584 98.9844 94.68437999999999 98.3924 99.5492 95.57584 98.9844
17 19.9224 19.3722 20.1384 20.0488 18.8432 18.7688 17.166619999999998 20.1262 20.319 19.2352 20.8206 18.2952 20.205199999999998 18.9086 18.5794 19.4638 15.6 19.5318 14.42766 6.8186 0.0 0.0 0.0 0.0 0.0 0.0 0.0 0.0 0.0 0.0 0.0 0.0 15.6 15.6 18.857 18.857 18.9476 17.8502 18.7372 17.20816 18.857 18.9476 17.8502 18.7372 17.20816 18.857 18.9476 17.8502
18 20.721600000000002 17.347440000000002 18.11362 20.714000000000002 20.6504 18.648200000000003 18.9218 21.985400000000002 22.178400000000003 20.3684 22.6278 17.8885 18.8944 20.042 19.1126 21.279200000000003 19.251600000000003 15.600000000000001 17.2768 8.677800000000001 0.0 0.0 0.0 0.0 0.0 0.0 0.0 0.0 0.0 0.0 0.0 0.0 16.6 16.6 19.3902 19.3902 20.0808 18.8874 20.544400000000003 19.261400000000002 19.3902 20.0808 18.8874 20.544400000000003 19.261400000000002 19.3902 20.0808 18.8874
19 21.229000000000003 20.956200000000003 21.7224 22.3568 21.2332 20.352800000000002 19.47462 22.5162 22.709000000000003 21.543200000000002 23.2106 19.8792 21.7892 21.2166 19.886000000000003 21.8538 18.50234 21.1158 15.600000000000001 9.2086 0.0 0.0 0.0 0.0 0.0 0.0 0.0 0.0 0.0 0.0 0.0 0.0 17.6 17.6 20.163600000000002 20.163600000000002 21.2556 19.156760000000002 21.127200000000002 18.514780000000002 20.163600000000002 21.2556 19.156760000000002 21.127200000000002 18.514780000000002 20.163600000000002 21.2556 19.156760000000002
20 36.973 34.1148 34.219 31.1172 31.2438 34.8374 33.0192 30.21068 31.0176 31.9398 29.953120000000002 34.3638 32.6738 31.613200000000003 35.3638 30.1824 33.6088 32.6724 31.9202 15.600000000000001 10.0974 8.7594 5.307400000000001 0.0 0.0 0.0 0.0 0.0 0.0 0.0 0.0 0.0 28.6 28.6 35.641600000000004 35.641600000000004 31.6522 35.0766 30.744600000000002 34.4846 35.641600000000004 31.6522 35.0766 30.744600000000002 34.4846 35.641600000000004 31.6522 35.0766
21 43.513000000000005 42.7628 43.529 43.1192 41.9958 42.159400000000005 40.237140000000004 43.278600000000004 43.4716 42.305800000000005 43.9732 41.6858 43.595800000000004 41.9792 42.1698 42.6164 39.26486 42.9224 38.01818 29.971200000000003 15.600000000000001 14.415399999999998 11.621400000000001 12.278600000000004 12.392400000000002 4.004000000000005 0.0 0.0 0.0 0.0 0.0 0.0 38.6 38.6 42.4476 42.4476 42.0182 41.4406 41.8898 40.7986 42.4476 42.0182 41.4406 41.8898 40.7986 42.4476 42.0182 41.4406
22 45.5792 44.135000000000005 44.9012 44.4916 43.368 43.531600000000005 41.60938 44.651 44.8438 43.678000000000004 45.3454 43.058 44.968 43.3514 44.0582 43.9886 42.1991 44.2946 40.08442 31.343400000000003 18.68772 15.600000000000001 13.687600000000003 13.651000000000003 13.764800000000001 5.376200000000004 0.0 0.0 0.0 0.0 0.0 0.0 40.6 40.6 44.3358 44.3358 43.3904 43.507000000000005 43.262 42.865 44.3358 43.3904 43.507000000000005 43.262 42.865 44.3358 43.3904 43.507000000000005
23 49.6284 49.4622 50.2284 50.1288 48.9232 48.859 47.2466 50.2062 50.3992 49.315200000000004 50.900600000000004 48.385400000000004 50.2952 48.9888 48.2854 49.544000000000004 47.1184 49.6218 44.29234 36.8986 24.325000000000003 22.269 15.600000000000001 19.206200000000003 19.402 10.703600000000002 1.5859999999999985 0.0 0.0 0.0 0.0 0.0 44.6 44.6 48.563 48.563 49.0276 47.556200000000004 48.8172 44.77726 48.563 49.0276 47.556200000000004 48.8172 44.77726 48.563 49.0276 47.556200000000004
24 53.9384 51.080200000000005 51.184400000000004 48.08278 48.20922 51.803000000000004 49.9846 46.6 49.0092 48.9052 48.7626 51.3294 49.6392 48.5787 52.3294 48.09188 50.574400000000004 49.6378 48.885600000000004 35.18462 27.063000000000002 25.725 22.273000000000003 15.600000000000001 17.356 12.395600000000002 0.19579999999999842 0.0 0.0 0.0 0.0 0.0 46.6 46.6 52.607 52.607 48.6176 52.0422 47.71018 51.4502 52.607 48.6176 52.0422 47.71018 51.4502 52.607 48.6176 52.0422
25 54.9918 52.1336 52.2378 49.0282 50.132600000000004 52.8564 52.096000000000004 50.3136 50.8686 50.208600000000004 49.272 52.382600000000004 50.6926 49.882000000000005 53.3828 50.2852 52.4938 50.6912 50.519 37.378 29.1744 27.644400000000005 23.3264 19.3136 15.600000000000001 13.448999999999998 1.4492000000000047 0.03740000000000521 0.0 0.0 0.0 0.0 46.6 46.6 53.6604 53.6604 50.541000000000004 53.095600000000005 49.979600000000005 52.5036 53.6604 50.541000000000004 53.095600000000005 49.979600000000005 52.5036 53.6604 50.541000000000004 53.095600000000005
26 57.311800000000005 55.7796 56.5458 57.544200000000004 57.4686 55.17626 55.736000000000004 58.7996 58.9924 57.1986 59.446 54.70264 56.6126 56.872 55.7028 58.0972 54.81372 55.9392 52.839040000000004 45.492000000000004 32.8144 29.964260000000003 25.646280000000004 27.799599999999998 26.897400000000005 15.600000000000001 10.179200000000002 2.3574200000000047 2.2805999999999997 0.0 0.0 0.0 53.6 53.6 55.9804 55.9804 56.911 55.41554 57.3626 54.82354 55.9804 56.911 55.41554 57.3626 54.82354 55.9804 56.911 55.41554
27 73.0346 70.7984 70.90259999999999 67.80099999999999 67.7914 70.899 68.9768 66.8624 65.47528 68.4874 67.0848 70.4254 69.3574 68.1608 71.42559999999999 66.83399999999999 69.5666 69.356 67.8778 53.554779999999994 46.0552 44.717 41.369 35.862399999999994 36.67219999999999 32.1138 15.599999999999994 18.08019999999999 15.02539999999999 8.251799999999989 0.0 0.0 64.6 64.6 71.7032 71.7032 68.1998 71.13839999999999 67.4284 70.54639999999999 71.7032 68.1998 71.13839999999999 67.4284 70.54639999999999 71.7032 68.1998 71.13839999999999
28 70.96759999999999 70.8014 71.5676 72.56599999999999 71.9524 70.198 70.1938 73.2354 73.42819999999999 72.2204 73.9298 69.72439999999999 71.6344 71.8938 69.6246 72.573 69.22152 70.961 66.39546 59.92779999999999 47.2722 44.37205999999999 39.07607999999999 42.2354 41.91919999999999 32.0428 24.614999999999995 15.599999999999994 17.30239999999999 8.46584 0.0 0.0 67.6 67.6 69.9022 69.9022 71.9328 68.89533999999999 71.84639999999999 68.25334 69.9022 71.9328 68.89533999999999 71.84639999999999 68.25334 69.9022 71.9328 68.89533999999999
29 74.67599999999999 72.11179999999999 71.792 71.83019999999999 72.30279999999999 73.41239999999999 73.00219999999999 73.2456 74.13459999999999 71.94879999999999 73.8882 72.6528 69.95872 71.62219999999999 73.0668 72.73339999999999 73.33179999999999 70.51732 71.35719999999999 60.310199999999995 50.0804 48.4824 44.1644 42.245599999999996 41.1836 34.28699999999999 25.321399999999997 20.87559999999999 15.599999999999994 12.5762 1.9687999999999874 0.0 69.6 69.6 73.3446 73.3446 72.7072 73.65159999999999 72.3176 73.3416 73.3446 72.7072 73.65159999999999 72.3176 73.3416 73.3446 72.7072 73.65159999999999
30 80.7854 80.23519999999999 81.00139999999999 80.79459999999999 79.58919999999999 79.6318 77.91256 80.872 81.065 79.9812 81.5666 79.1582 81.06819999999999 79.65459999999999 79.44239999999999 80.2098 77.78134 80.39479999999999 75.29065999999999 67.5646 54.990899999999996 52.93187999999999 48.89389999999999 49.872 50.068 41.47659999999999 32.25179999999999 25.60503999999999 26.736199999999997 15.599999999999994 6.418239999999997 6.729199999999992 76.6 76.6 79.72 79.72 79.69359999999999 78.7132 79.4832 78.07115999999999 79.72 79.69359999999999 78.7132 79.4832 78.07115999999999 79.72 79.69359999999999 78.7132
31 91.1004 89.56819999999999 90.33439999999999 91.0848 90.4032 88.96499999999999 88.6706 91.73419999999999 91.9272 90.2712 92.38059999999999 88.49131999999999 90.40119999999999 89.9448 89.4914 91.032 88.60239999999999 89.72779999999999 86.6278 78.4266 65.749 63.753 59.43495999999999 60.73419999999999 60.35799999999999 50.80959999999999 43.11399999999999 36.14609999999999 36.069199999999995 27.846799999999988 15.599999999999994 16.062399999999997 86.6 86.6 89.76899999999999 89.76899999999999 89.9836 89.2042 90.29719999999999 88.6122 89.76899999999999 89.9836 89.2042 90.29719999999999 88.6122 89.76899999999999 89.9836 89.2042
32 93.95079999999999 92.1246 91.06688 93.6672 93.6036 92.97739999999999 93.3292 94.9386 95.50959999999999 93.32159999999999 95.58099999999999 92.4358 91.8476 92.9952 92.34179999999999 94.2324 93.6588 90.53027999999999 91.68419999999999 82.003 70.4074 68.8094 64.4914 63.938599999999994 63.020399999999995 54.61399999999999 46.6964 41.20259999999999 37.831599999999995 32.9032 22.2958 15.599999999999994 89.6 89.6 92.6194 92.6194 93.03399999999999 93.2166 93.49759999999999 93.6686 92.6194 93.03399999999999 93.2166 93.49759999999999 93.6686 92.6194 93.03399999999999 93.2166
33 93.0 93.0 93.0 93.0 93.0 93.0 93.0 93.0 93.0 93.0 93.0 93.0 93.0 93.0 93.0 93.0 93.0 92.0 91.0 80.0 70.0 68.0 64.0 62.0 62.0 55.0 44.0 41.0 39.0 32.0 22.0 19.0 93.0 93.0 93.0 93.0 93.0 93.0 93.0 93.0 93.0 93.0 93.0 93.0 93.0 93.0 93.0 93.0
34 93.0 93.0 93.0 93.0 93.0 93.0 93.0 93.0 93.0 93.0 93.0 93.0 93.0 93.0 93.0 93.0 93.0 92.0 91.0 80.0 70.0 68.0 64.0 62.0 62.0 55.0 44.0 41.0 39.0 32.0 22.0 19.0 93.0 93.0 93.0 93.0 93.0 93.0 93.0 93.0 93.0 93.0 93.0 93.0 93.0 93.0 93.0 93.0
35 96.0726 95.6944 96.4606 97.4588 97.3034 93.54902 95.5448 98.5862 98.7792 97.1134 99.2808 94.6174 96.5274 96.7868 94.7295 97.924 94.57248 95.854 92.5978 85.2788 72.623 69.72302 65.40504 67.5862 66.8122 56.93566 49.965999999999994 42.11618 42.19540000000001 33.8168 23.209379999999996 22.1884 93.0 93.0 93.0 93.0 96.8258 93.78828 97.1974 94.5823 93.0 96.8258 93.78828 97.1974 94.5823 93.0 96.8258 93.78828
36 96.0726 95.6944 96.4606 97.4588 97.3034 93.54902 95.5448 98.5862 98.7792 97.1134 99.2808 94.6174 96.5274 96.7868 94.7295 97.924 94.57248 95.854 92.5978 85.2788 72.623 69.72302 65.40504 67.5862 66.8122 56.93566 49.965999999999994 42.11618 42.19540000000001 33.8168 23.209379999999996 22.1884 93.0 93.0 93.0 93.0 96.8258 93.78828 97.1974 94.5823 93.0 96.8258 93.78828 97.1974 94.5823 93.0 96.8258 93.78828
37 99.7224 96.8642 97.1264 94.3628 94.30724 97.587 96.4726 95.3182 96.2072 94.58524 95.9606 97.1134 95.4232 94.25872 98.1134 94.73794 97.0624 95.4218 95.2498 82.3826 73.551 72.213 68.057 64.3182 63.63602 58.17959999999999 47.394000000000005 44.768 41.0912 35.8536 25.861199999999997 21.7564 93.0 93.0 98.391 98.391 93.0 97.8262 94.3222 97.2342 98.391 93.0 97.8262 94.3222 97.2342 98.391 93.0 97.8262
38 96.596 96.3258 97.092 97.7264 96.6028 95.7226 94.84428 97.8858 98.0788 96.9128 98.5802 95.249 97.1588 96.5864 95.253 97.2236 93.872 96.4854 91.89732 84.5782 71.92262 69.02254 64.70456 66.8858 66.9996 57.5672 49.265600000000006 41.4157 42.826800000000006 33.11632 22.508899999999997 22.819999999999993 93.0 93.0 95.5306 95.5306 96.6252 93.0 96.4968 93.88182 95.5306 96.6252 93.0 96.4968 93.88182 95.5306 96.6252 93.0
39 99.6658 96.8858 97.148 94.73722 93.8327 97.5304 95.6082 94.77464 95.6636 94.5287 95.417 97.0568 96.0496 94.20218 98.0568 94.08438 96.1978 95.4434 94.50919999999999 81.83908 72.6864 71.3484 68.0004 63.774640000000005 64.0104 58.20099999999999 46.85039999999999 44.711600000000004 41.717600000000004 34.8832 25.636799999999994 21.7778 93.0 93.0 98.3346 98.3346 94.24112 97.7696 93.0 97.1776 98.3346 94.24112 97.7696 93.0 97.1776 98.3346 94.24112 97.7696
40 97.8512 97.685 98.4512 98.3516 97.146 97.0816 95.4694 98.429 98.62180000000001 97.538 99.1234 96.608 98.518 97.2114 96.5082 97.7666 95.3412 97.8446 92.51508 85.1214 72.5478 70.4916 65.9597 67.429 67.6248 58.9264 49.8086 43.1648 44.18600000000001 33.6084 23.978039999999993 24.179000000000002 93.0 93.0 96.7858 96.7858 97.2504 95.779 97.04 93.0 96.7858 97.2504 95.779 97.04 93.0 96.7858 97.2504 95.779
41 96.0726 95.6944 96.4606 97.4588 97.3034 93.54902 95.5448 98.5862 98.7792 97.1134 99.2808 94.6174 96.5274 96.7868 94.7295 97.924 94.57248 95.854 92.5978 85.2788 72.623 69.72302 65.40504 67.5862 66.8122 56.93566 49.965999999999994 42.11618 42.19540000000001 33.8168 23.209379999999996 22.1884 93.0 93.0 93.0 93.0 96.8258 93.78828 97.1974 94.5823 93.0 96.8258 93.78828 97.1974 94.5823 93.0 96.8258 93.78828
42 99.7224 96.8642 97.1264 94.3628 94.30724 97.587 96.4726 95.3182 96.2072 94.58524 95.9606 97.1134 95.4232 94.25872 98.1134 94.73794 97.0624 95.4218 95.2498 82.3826 73.551 72.213 68.057 64.3182 63.63602 58.17959999999999 47.394000000000005 44.768 41.0912 35.8536 25.861199999999997 21.7564 93.0 93.0 98.391 98.391 93.0 97.8262 94.3222 97.2342 98.391 93.0 97.8262 94.3222 97.2342 98.391 93.0 97.8262
43 96.596 96.3258 97.092 97.7264 96.6028 95.7226 94.84428 97.8858 98.0788 96.9128 98.5802 95.249 97.1588 96.5864 95.253 97.2236 93.872 96.4854 91.89732 84.5782 71.92262 69.02254 64.70456 66.8858 66.9996 57.5672 49.265600000000006 41.4157 42.826800000000006 33.11632 22.508899999999997 22.819999999999993 93.0 93.0 95.5306 95.5306 96.6252 93.0 96.4968 93.88182 95.5306 96.6252 93.0 96.4968 93.88182 95.5306 96.6252 93.0
44 99.6658 96.8858 97.148 94.73722 93.8327 97.5304 95.6082 94.77464 95.6636 94.5287 95.417 97.0568 96.0496 94.20218 98.0568 94.08438 96.1978 95.4434 94.50919999999999 81.83908 72.6864 71.3484 68.0004 63.774640000000005 64.0104 58.20099999999999 46.85039999999999 44.711600000000004 41.717600000000004 34.8832 25.636799999999994 21.7778 93.0 93.0 98.3346 98.3346 94.24112 97.7696 93.0 97.1776 98.3346 94.24112 97.7696 93.0 97.1776 98.3346 94.24112 97.7696
45 97.8512 97.685 98.4512 98.3516 97.146 97.0816 95.4694 98.429 98.62180000000001 97.538 99.1234 96.608 98.518 97.2114 96.5082 97.7666 95.3412 97.8446 92.51508 85.1214 72.5478 70.4916 65.9597 67.429 67.6248 58.9264 49.8086 43.1648 44.18600000000001 33.6084 23.978039999999993 24.179000000000002 93.0 93.0 96.7858 96.7858 97.2504 95.779 97.04 93.0 96.7858 97.2504 95.779 97.04 93.0 96.7858 97.2504 95.779
46 96.0726 95.6944 96.4606 97.4588 97.3034 93.54902 95.5448 98.5862 98.7792 97.1134 99.2808 94.6174 96.5274 96.7868 94.7295 97.924 94.57248 95.854 92.5978 85.2788 72.623 69.72302 65.40504 67.5862 66.8122 56.93566 49.965999999999994 42.11618 42.19540000000001 33.8168 23.209379999999996 22.1884 93.0 93.0 93.0 93.0 96.8258 93.78828 97.1974 94.5823 93.0 96.8258 93.78828 97.1974 94.5823 93.0 96.8258 93.78828
47 99.7224 96.8642 97.1264 94.3628 94.30724 97.587 96.4726 95.3182 96.2072 94.58524 95.9606 97.1134 95.4232 94.25872 98.1134 94.73794 97.0624 95.4218 95.2498 82.3826 73.551 72.213 68.057 64.3182 63.63602 58.17959999999999 47.394000000000005 44.768 41.0912 35.8536 25.861199999999997 21.7564 93.0 93.0 98.391 98.391 93.0 97.8262 94.3222 97.2342 98.391 93.0 97.8262 94.3222 97.2342 98.391 93.0 97.8262
48 96.596 96.3258 97.092 97.7264 96.6028 95.7226 94.84428 97.8858 98.0788 96.9128 98.5802 95.249 97.1588 96.5864 95.253 97.2236 93.872 96.4854 91.89732 84.5782 71.92262 69.02254 64.70456 66.8858 66.9996 57.5672 49.265600000000006 41.4157 42.826800000000006 33.11632 22.508899999999997 22.819999999999993 93.0 93.0 95.5306 95.5306 96.6252 93.0 96.4968 93.88182 95.5306 96.6252 93.0 96.4968 93.88182 95.5306 96.6252 93.0
;
param G:
 1 2 3 4 5 6 7 8 9 10 11 12 13 14 15 16 17 18 19 20 21 22 23 24 25 26 27 28 29 30 31 32 33 34 35 36 37 38 39 40 41 42 43 44 45 46 47 48:=
1 3.0 3.0 3.0 3.0 3.0 3.0 3.0 3.0 3.0 3.0 3.0 3.0 3.0 3.0 3.0 3.0 2.0 2.0 2.0 2.0 2.0 2.0 2.0 2.0 2.0 2.0 2.0 2.0 2.0 2.0 2.0 2.0 3.0 3.0 3.0 3.0 3.0 3.0 3.0 3.0 3.0 3.0 3.0 3.0 3.0 3.0 3.0 3.0
2 3.0 3.0 3.0 3.0 3.0 3.0 3.0 3.0 3.0 3.0 3.0 3.0 3.0 3.0 3.0 3.0 2.0 2.0 2.0 2.0 2.0 2.0 2.0 2.0 2.0 2.0 2.0 2.0 2.0 2.0 2.0 2.0 3.0 3.0 3.0 3.0 3.0 3.0 3.0 3.0 3.0 3.0 3.0 3.0 3.0 3.0 3.0 3.0
3 3.0 3.0 3.0 3.0 3.0 3.0 3.0 3.0 3.0 3.0 3.0 3.0 3.0 3.0 3.0 3.0 2.0 2.0 2.0 2.0 2.0 2.0 2.0 2.0 2.0 2.0 2.0 2.0 2.0 2.0 2.0 2.0 3.0 3.0 3.0 3.0 3.0 3.0 3.0 3.0 3.0 3.0 3.0 3.0 3.0 3.0 3.0 3.0
4 3.0 3.0 3.0 3.0 3.0 3.0 3.0 3.0 3.0 3.0 3.0 3.0 3.0 3.0 3.0 3.0 2.0 2.0 2.0 2.0 2.0 2.0 2.0 2.0 2.0 2.0 2.0 2.0 2.0 2.0 2.0 2.0 3.0 3.0 3.0 3.0 3.0 3.0 3.0 3.0 3.0 3.0 3.0 3.0 3.0 3.0 3.0 3.0
;
